1911-1920,1921-1930,1931-1940,1971-1980,1991-2000,2001-2010,2011-2018
-0.015475557116722619,0.3112706252615209,-0.43706461787223816,-0.027140334248542786,-0.20057053864002228,0.6331752166152,-0.25906431923309964
-0.30267300491255744,0.44877980311435683,-0.9625243991613388,0.5379932895302773,-0.0634944885969162,-0.03256956487894058,0.3163494120041529
-0.07934949240060868,-0.589512843914606,0.4621264860033989,0.5328254476189613,-0.87736776471138,0.8833639547228813,-0.29429319004217785
0.1528080371380956,-0.39369391884516786,0.7024742290377617,0.4304635524749756,-1.3080548197031021,0.9182271212339401,-0.6352547655502955
-0.04769710216809203,0.37765338409830024,-0.5213484317064285,0.04993470013141632,1.3017445802688599,-1.3095715921372175,-0.11046355652312438
-0.1735095343793984,0.1798418983127232,0.03439951688051224,-0.6631413176655769,0.2901000138372183,-0.13918343000113964,0.5334315250317256
0.04307834928234419,0.4725518996516863,-1.0995473563671112,0.8871054351329803,-0.6321024745702744,0.41271214187145233,-0.4413725932439168
0.6222947552386258,-0.09875928010377621,0.313835758715868,-1.931103903800249,1.883494421839714,0.6212800145149231,0.06500778098901117
0.002113026877244309,-0.1622430918117364,-0.05205348879098892,0.7117255553603172,-1.079542100429535,0.9355060383677483,-0.5771875455975533
-0.0456147545741664,0.09890297593341933,-0.3933011144399643,0.3788299411535263,-0.5470811277627945,0.822258435189724,-0.24333804845809937
-0.12691194978025225,-0.037071875813934535,0.46058547496795654,-0.8936319053173065,-0.021841377019882202,0.6829494163393974,-0.32109808176755905
-0.0028806551601047864,-0.018274178797448123,-0.21755074709653854,0.6879055500030518,0.11258149147033691,-0.679623045027256,0.3110510930418968
-0.3940403101344903,-0.14652082572380704,0.22123202681541443,-0.0977645218372345,0.433455266058445,-0.08892965316772461,0.2648356184363365
-0.024245343481500925,-0.19562299611667794,-0.2253320999443531,-0.08554725721478462,0.3910681903362274,0.04658006131649017,0.4355529397726059
0.06001599064027821,-0.084843292142506,0.12542438507080078,0.5079505145549774,-0.39408543705940247,-0.35692286491394043,-0.24425396944085756
-0.4356581462995598,-0.4281489656789711,0.26733092963695526,0.04672141373157501,-0.4328612685203552,0.48924770951271057,-0.42686518033345544
0.3553199559726097,-0.7703552484788276,-0.3061675429344177,0.30123329162597656,1.3497328162193298,-0.7797498628497124,-0.10398660848538081
0.43286857602220996,-0.17751381382846307,0.6046331598190591,0.498787559568882,-0.18941688537597656,-0.3132129907608032,-0.607669269045194
-0.15057128585047191,-0.17971680396133,0.06141355261206627,0.16916101798415184,0.011854298412799835,-0.2157328501343727,0.03067401299873987
-0.012356649118441122,-0.3729019845249476,0.07693547010421753,-0.3856794238090515,1.4866782426834106,-0.037062495946884155,0.02915043632189429
-0.020032684698149006,0.28524409179334287,-0.4177318885922432,-0.17228252440690994,-0.23003992438316345,0.43510299921035767,0.05738754073778787
0.3445877216204449,0.37954223832046546,-0.7977900691330433,0.539789218455553,0.14541953802108765,-0.579561859369278,-0.01626230776309967
-0.10033112902332236,0.34693792972851684,0.3911409378051758,-0.5927403569221497,-1.145898461341858,0.629337040707469,0.5632837880402803
-0.354651207000845,0.12257177744888598,0.038304561749100685,-0.33781619369983673,-0.38525521755218506,0.6920233964920044,0.2634894053141276
-0.13846734635255953,0.13554120532892366,0.2591354697942734,-0.623851403594017,0.2588694989681244,0.15780748054385185,0.10967196896672249
-0.21764418110251427,0.23156794533133507,-0.18230643309652805,-0.47419909201562405,0.35389138758182526,0.40370897948741913,-0.2478958268960317
0.005622146116500665,0.3221221436504964,-0.8163846358656883,1.1348576173186302,-0.7576562762260437,0.12901249527931213,0.2534749048451583
-0.040945332083437175,0.22133726212713453,-0.45873306691646576,-0.2996964007616043,1.0944435596466064,-0.22364986315369606,-0.2934301160275936
-0.20987586408025688,-0.061944392406278186,0.021073736250400543,1.0415993258357048,-0.23665428161621094,-1.3410733863711357,0.2252488409479459
-0.09526736434135172,-0.5748043846752908,0.5772606134414673,-0.4346790015697479,0.492816299200058,-0.34470334835350513,0.11199828796088696
0.4233762371974687,-0.5678682673412064,-0.19271866977214813,0.7169984076172113,0.6963080521672964,-0.14431187510490417,-0.1608046293258667
-0.18005527017845047,0.5693098215593232,-0.6620847135782242,1.2414081245660782,-1.294351488351822,0.18355771899223328,0.1674273411432902
-0.0012629376379428153,0.15565243266798834,-0.2887478619813919,0.5411251708865166,-1.0816459953784943,1.2861286103725433,-0.5583835740884145
-0.1687487494200468,0.3619470801204443,-1.0097461342811584,0.5090874917805195,-0.7686124332249165,0.9411021173000336,-0.050948192675908416
-0.15269939718699013,0.43651457434451135,-0.611189678311348,-0.17144973576068878,0.6178697347640991,-0.3198959641158581,-0.2304270900785923
-0.018224658099589536,-0.4617085814200066,0.4631247818470001,-0.21468296647071838,0.3685542307794094,-0.15344125777482986,0.0460239661236604
0.25242091097903474,-0.47117184975218995,0.7373534813523293,0.2471918687224388,-1.4085347652435303,0.5883220415562391,-0.1532988330970208
-0.2728230316467859,-0.16410111484152298,0.24489356577396393,-0.1971961185336113,0.17017041891813278,-0.3663898631930351,0.0727031206091245
-0.2678792610488556,-0.06869989412802235,-0.019346604123711586,0.35269039310514927,0.46784479916095734,-0.0012758821249008179,-0.5507199093699455
-0.011198559017093102,0.15199422574153654,-0.3872067481279373,0.3163119852542877,-0.168380007147789,-0.06847154721617699,-0.23433378462990126
-0.018769843020924826,-0.7721884311349303,0.3368857651948929,-0.545682743191719,0.3930733799934387,0.7970391809940338,-0.47431066383918125
-0.1455820996866182,0.21238602256333386,-0.17467674612998962,0.42287513613700867,-0.4377937689423561,0.05815315991640091,-0.23103709767262143
-0.05628875456750393,0.4066442232578993,-0.30730557069182396,1.1029333136975765,-0.9946292825043201,0.7318277545273304,-0.43745896437515813
-0.42176172026881464,0.1337377511102844,-0.8479352165013552,0.11197531968355179,0.9368182122707367,-0.494530513882637,-0.48691125214099884
0.17465368563447287,0.024763691721966977,0.1242905855178833,-0.4333159923553467,0.37861038744449615,-0.2940680868923664,-0.07961606358488402
0.023176845266587198,0.14818496991776758,0.44833308458328247,-1.028032124042511,0.057423025369644165,0.4846242666244507,-0.4161263356606165
-0.10153434704989195,-0.3351891078054905,0.20240893959999084,0.28915269672870636,-0.65598164498806,0.1927199363708496,0.061625977357228634
0.053345081379154224,0.47057611776377867,-0.535081148147583,0.2887095808982849,-0.1805901825428009,0.10355939716100693,-0.5841949774573247
0.12757628742191526,-0.3733934644195769,0.5195298045873642,-0.16929816082119942,0.343193594366312,-0.18375125527381897,-0.5298912283033133
-0.10911842973695861,0.21876922787891495,-0.7453335374593735,0.3619259297847748,0.1516958549618721,-0.03422119282186031,0.2714294375230869
0.03929596835816348,0.09130668198620831,0.14680528454482555,-0.24255294539034367,-0.41193288937211037,-0.03632061183452606,0.1794241468111674
0.028253641117502143,0.25373089672238736,-1.3278453052043915,0.9984467029571533,0.16163790225982666,0.1417001187801361,-0.12691197792689007
0.18417525926121958,-0.10174888634571323,0.16590215265750885,0.19305633008480072,-0.38982459902763367,-0.18470821529626846,0.4428567464152972
-0.24383484944701195,-0.12865903601050377,-0.3107873946428299,0.4978807121515274,0.05741623044013977,-0.26838843524456024,0.542477195461591
-0.15167714165592636,0.4162369954779192,0.2801714092493057,-1.1760393530130386,0.2229408621788025,0.40962257608771324,-0.1224371703962485
0.7111042593778283,0.6615982199846595,-0.8876178488135338,0.6547738537192345,-0.8007769323885441,-0.004581209272146225,0.9022172888120016
-0.21549765351745817,0.5966239716443751,-0.8775616735219955,-0.6088144332170486,0.9192022383213043,-0.12850335240364075,0.31535573303699493
-0.0033033379112128725,-0.16637187444225507,0.2934226840734482,-0.18301160633563995,-0.46266263723373413,0.8701977580785751,-0.4562481977045536
0.1113485320367747,-0.15358022683196598,-0.11956188082695007,0.29955125600099564,0.10056173801422119,0.13557308912277222,-0.4119417518377304
0.28022717567229716,-0.23494747722590412,-0.12255232036113739,0.9720048159360886,-0.6207992807030678,-0.12740735337138176,0.16762741779287657
0.6527781807989985,-0.7897095629186541,0.7986206598579884,-0.43697451427578926,0.9554180800914764,-0.567256972193718,-0.0558406456063191
0.19043979586826432,-0.7860147336290942,0.5882676988840103,-0.21255584061145782,-0.0874292254447937,-0.040772244334220886,0.7646756370862324
0.6615621657283218,-0.36017474394153665,0.2231374979019165,-0.08671662211418152,0.07383513450622559,-0.4562336951494217,0.4834175656239192
0.13881458390366147,-0.4797773533673198,0.4245941489934921,-0.4693731516599655,1.2984593510627747,-1.4070739597082138,0.8192951828241348
-0.4746488341026836,-0.034119642443127096,0.39167405664920807,0.17540675401687622,-0.42762358486652374,-0.1979740560054779,0.33388130490978557
0.6318679507821798,-0.5577282756567001,0.5418293923139572,-0.7615747600793839,1.3120273351669312,0.06923350691795349,-0.6871439317862194
-0.22592465179385962,0.1340735663694364,-0.834085576236248,1.8238498270511627,-1.0489526093006134,-0.32560522109270096,0.5694366358220577
-0.08769305781633766,-0.16930484785525887,0.3182971775531769,0.17715197801589966,-0.09783706814050674,-0.14403362572193146,0.4329446752866109
0.3585044557435645,0.15472414137588608,-0.13842997699975967,0.2134418562054634,0.2060186266899109,-1.105188929475844,0.13967673821995658
0.39707928978734547,0.28970790944165653,-0.21942853927612305,-0.3964340388774872,0.008902281522750854,0.36027214280329645,-0.4119619265353928
-0.011097233501021507,0.3094397743611976,-0.39972661435604095,0.38343609869480133,0.28471192717552185,-0.8969094008207321,0.2470917465786139
-0.08124745271548076,0.07003355778201861,-0.16136851161718369,-0.2341158762574196,0.04504230618476868,0.2832763195037842,0.11222316821416219
0.1276420124427036,-0.27410533582722696,0.49862801283597946,-0.7139429226517677,0.4083831124007702,-0.01829419657588005,0.3586599218348662
0.04302295124917116,-0.07330166189758863,0.5411997362971306,0.048867158591747284,-0.20367803424596786,1.4565885066986084e-05,-0.0035748034715652466
-0.012079175768627048,0.1681118013544215,0.10997721552848816,-0.29449500143527985,0.3716188669204712,0.005690619349479675,-0.07260495175917943
-0.10440620462651606,-0.3853136332774604,0.33006779477000237,-0.29186372086405754,0.6885443329811096,-0.7439220547676086,0.7673099115490913
-0.06706251252304624,0.712310143298021,-0.9051994308829308,0.4967780001461506,0.19704758003354073,-0.3218368524685502,-0.7063729083165526
0.019128195527527064,-0.19542745645675394,0.6498488429933786,-0.4672497659921646,0.09922994673252106,0.2602311372756958,-0.030928701162338257
-0.41365520690602287,0.23175806772929652,-0.6514508724212646,0.546635091304779,-0.06523233652114868,0.1720726639032364,-0.15227020035187405
0.19033264634371908,-0.02546326150358827,0.20482423901557922,-0.29264773800969124,0.5112235583364964,-0.3463994786143303,0.36128471543391544
-0.4193532568988977,0.04124982558466769,0.38637298345565796,-0.3342714309692383,1.0603912472724915,-1.360069151967764,0.06344456349809963
-0.5230515533713279,0.5974268270311532,-0.8242945820093155,0.39306217432022095,-0.8901227563619614,0.8475534468889236,-0.2574318253124754
-0.14703289157262556,0.5642795573782038,0.5241257548332214,-2.4044859409332275,0.6127945780754089,0.6754561364650726,0.21055172135432562
0.15123574208054277,0.501723150205281,-0.4551723375916481,-0.09878773242235184,0.08336303383111954,0.06487582996487617,-0.1696215843160947
0.09113434826334317,-0.07355331753691037,0.30617134273052216,0.0012280941009521484,-0.07873307168483734,-0.15373577922582626,-0.10000579928358395
0.3678554284765765,0.0329889406070665,0.12507355213165283,0.06028996407985687,-0.21204127371311188,0.3820990100502968,-0.2606138351062933
-0.3053267121452976,0.1720022380489994,-0.6693321317434311,-0.2224157452583313,0.8091276437044144,0.6995321288704872,-0.6472018087903658
0.050859912600437235,0.262865172630107,-0.3288930580019951,-0.8566883876919746,0.9618239104747772,-0.4943455532193184,0.41797737653056777
0.12155660538485757,-0.312777496115477,0.04527168720960617,0.21493901312351227,0.2545473128557205,-0.2250432362779975,0.44281027621279156
0.2557766666566884,-0.07925030271764155,0.07564379647374153,-0.2525462359189987,0.8267544806003571,-0.8247427195310593,0.1354135423898697
0.01711825146857235,-0.0739626396033499,-0.25003761053085327,0.3706468902528286,-0.22886114940047264,0.15440167486667633,0.11784301946560541
-0.023547548007358005,-0.018324684213708947,-0.3121771328151226,0.14804252982139587,0.08777846395969391,-0.03913179039955139,-0.026377464334170028
-0.013499490847742115,-1.0278837104086522,0.577443104237318,0.9274466820061207,0.849223256111145,-0.903214581310749,-0.707894928753376
-0.4036690092266158,0.007747005912716742,-0.24000351317226887,0.7566544413566589,-0.8932026922702789,0.5986149199306965,-0.4178892709314823
-0.02320969970551906,-0.020835334159157892,0.15546675771474838,-0.48399198800325394,0.6346799731254578,-0.023557409644126892,-0.2847485194603602
-0.4465687189044224,-0.11420825330747497,0.13847742974758148,0.5361057817935944,-0.43083632178604603,0.19254822842776775,-0.04772303377588591
-0.02952236261356761,-0.5934439939619214,0.2807108610868454,0.25019390881061554,-0.2253413200378418,0.6654985994100571,-0.4259631435076396
0.03192820579365448,0.0023392160181646,-0.35129834339022636,0.9475088268518448,-0.7330600470304489,0.08052848465740681,-0.06268992957969508
0.015274428107120375,0.37045773091139617,-0.05282500386238098,0.16148898005485535,-0.5578337460756302,-0.13472570478916168,0.4194731240471204
0.1411707181552494,-0.09433948938493375,0.11773273348808289,0.32638972997665405,-0.6199991106987,0.07036889344453812,0.49471023492515087
-0.3226515533471549,-0.15236770416851397,-0.042609743773937225,0.5156921148300171,-0.8309622406959534,0.23916523158550262,0.2436059315999349
0.16005653974220707,-0.13909844022796108,0.47283516824245453,0.054727330803871155,-1.0019811987876892,0.7183540835976601,0.05337631702423096
0.1255644015553925,0.32339833345678115,-0.7916762977838516,0.5386616438627243,-0.859925240278244,1.0214079022407532,-0.635021502772967
0.14735114657216603,-0.4998180800014072,0.5304690562188625,-0.08660499379038811,0.8225387185811996,-0.3948473837226629,-0.025192727024356515
0.24577334036843645,-0.5731974502818452,0.3913933001458645,0.3122756816446781,-0.1582544967532158,-0.10756904911249876,0.2515084225063523
0.20021235683277527,0.12953723854109367,-0.38346105068922043,0.18518370389938354,0.023124247789382935,-0.1425876710563898,-0.33315683963398135
-0.14463751625131677,-0.2610506093888371,0.7492131441831589,0.4313475638628006,-0.39068010449409485,-0.33785281889140606,0.10666105461617312
-0.06835958382321729,0.06682307293845548,-0.05080155283212662,-0.4777628444135189,1.6538413763046265,-0.8126171305775642,-0.5254869485894839
0.3918436869840931,0.521506412713616,-0.9991545975208282,0.26984038949012756,0.3434517979621887,0.22492986917495728,-0.3757563630739848
0.008481864024091651,-0.37653091563670726,0.01639118790626526,0.12890022993087769,0.05403602123260498,0.19782959669828415,0.2767535001039505
0.21858260987533462,-0.023028305007351757,-0.446252703666687,-0.7270649671554565,2.219456911087036,-1.089743047952652,-0.3773508469263713
-0.007037744546929993,0.25394489119450253,-0.2323416080325842,-0.17107021994888783,0.28407856076955795,-0.017119545489549637,-0.16272377719481787
-0.06061837039198037,-0.08079068680052404,0.15814808011054993,-0.7019889503717422,0.9228120446205139,-0.03166334331035614,0.030125945806503296
0.32614595587882733,-0.25571532878610825,0.21545404195785522,0.7118687778711319,-0.1323411464691162,0.11315217614173889,-0.01986726125081384
0.28638804359016595,-0.4924298341351527,0.010601252317428589,0.44051432609558105,0.7509541213512421,-0.7380331233143806,-0.14181120942036313
0.12965207048519342,-0.09150090315206735,0.347868163138628,-0.6604767628014088,1.0906047224998474,-0.5027849823236465,-0.08469154437383015
-0.3001129996997339,0.32627293812455954,-0.06955387443304062,0.47450294345617294,0.2884301543235779,-0.8788572028279305,0.06378172586361566
0.2257539808957113,0.25085550060288775,0.13079772889614105,-0.6097012907266617,-0.04032254219055176,0.46630991250276566,-0.4705725871026516
0.2640748608650433,-0.10198684947358237,-0.016417421400547028,0.19661099091172218,0.053432902321219444,0.1323068244382739,-0.3552847427005569
-0.45238780037120535,0.10801187709525778,0.23546764068305492,-0.15491481684148312,0.7189108207821846,-0.7469228953123093,0.32725697134931886
-0.48269292660471463,-0.0011530272248718443,0.12538771331310272,-0.1961456835269928,0.9000582545995712,-0.47381322272121906,0.11177439180513221
-0.2672521005626078,0.02153127074793533,-0.5669086053967476,0.1577301099896431,0.9842875301837921,-0.16936509311199188,-0.34799665212631226
0.246465807504676,-0.07823164547207179,0.5211815387010574,-0.3385290503501892,-0.23302507773041725,0.5267032124102116,-0.5249758412440618
-0.22349938591597257,-0.5085210033726912,0.3756669517606497,-0.11967740021646023,0.529054544866085,-0.15067582577466965,-0.026934588948885604
0.28718186828687237,-0.45609001542820976,0.45061448216438293,-1.701020210981369,1.14376899600029,0.8286072760820389,-0.04482346276442212
0.075872753781301,-0.06285227931759975,0.026422744616866112,0.33085458911955357,-0.519293949007988,0.1671994123607874,-0.025542650992671646
-0.4063844301358417,0.03546118667280232,-0.3271302580833435,0.6538222283124924,-0.1499094245955348,-0.4836747357621789,0.09410906210541725
-0.4493223111386652,-0.1518551111911182,-0.16001126915216446,0.5551822558045387,-0.8868164420127869,0.25121352076530457,0.26452382902304333
-0.08851540571561567,-0.6086290355909754,0.7943059429526329,-0.5749621763825417,1.0618929415941238,-0.39605550467967987,-0.4335263967514038
-0.4100228146546417,0.5352332525783114,-0.055236056447029114,0.16759654879570007,-1.1423566937446594,0.8487871885299683,-0.29492685198783875
0.06746173860436236,0.25221671046758143,-0.428316205739975,-0.35853487253189087,0.8013984560966492,-0.12690363824367523,-0.28293631970882416
-0.19472396428938266,-0.07842635494415406,-0.33828830532729626,0.11314597725868225,0.49462518095970154,0.10848258435726166,-0.6610220782458782
-0.24425013535828502,-0.0956335423031339,-0.7368757426738739,1.1867084503173828,0.27816206216812134,-0.1831355094909668,-0.54545459151268
0.06285144878482377,-0.020183568130488744,0.6584967374801636,-1.1970601826906204,0.5538915395736694,0.4675467312335968,-0.8329081883033117
-0.374141549139663,-0.2201050152933156,0.7832591235637665,1.2376791834831238,-1.9816149920225143,0.39600346982479095,-0.23704346269369125
-0.07967086470927354,-0.38491639998499994,0.6929452642798424,-0.5139079615473747,0.038607120513916016,0.3235485851764679,-0.5815110504627228
0.37344110660530905,-0.04511510484196521,-0.503777951002121,0.591731458902359,-0.4332584738731384,0.23034387826919556,0.363450492421786
0.17949145459742458,0.16413253745822995,-0.13760244846343994,0.43894755840301514,-0.337737575173378,-0.11639024317264557,-0.14186138411362964
-0.1026507059664086,-0.34579844562405787,0.7584571614861488,0.22259994596242905,-1.3006395101547241,0.6459892466664314,0.09715724736452103
-0.15312237402907125,0.1770669307421755,0.47065216302871704,-0.016813278198242188,-1.0150038450956345,0.39578330516815186,-0.057806814710299165
0.10917536576313,-0.21478000969660502,0.17009479831904173,0.24609638005495071,-0.6023675501346588,-0.07266186457127333,0.05482116620987654
-0.4265721354081675,0.6465216043784663,-0.5445057153701782,-0.319950670003891,-0.18546906113624573,0.05586452782154083,0.4838794370492299
0.4601055171892599,0.40528277190471135,-1.3389441668987274,0.24877169728279114,0.608291894197464,-0.20972393080592155,0.522019745161136
-0.1101186885325997,-0.26253781702231477,0.08417487144470215,0.05957921966910362,0.270192164927721,-0.2206675112247467,-0.08994713922341664
0.5174215963041341,-0.24844428952093478,0.9146540760993958,-1.5521023273468018,0.7347747385501862,-0.2131526619195938,0.10165875653425852
0.02009960963321783,-0.033901040683741945,-0.537022203207016,0.794794887304306,-0.22631528973579407,0.3438490144908428,-0.1981417698164781
0.11226579691800806,-0.4308480113330815,0.6537748575210571,-0.49917809665203094,0.72085140645504,-0.4854193814098835,-0.00969613716006279
0.09120760878754987,0.14602580087052452,0.15494363009929657,-0.8131303861737251,0.007973253726959229,0.8603986650705338,0.11955562404667336
0.29968741903495455,0.42970785131264067,-0.06114435754716396,-0.16921267844736576,-0.2954912632703781,0.4083430580794811,0.015331892917553581
-0.784899589088228,0.3720953654911783,-0.1979076862335205,0.0597713328897953,-0.9249653108417988,1.0449096262454987,0.06696686148643494
0.14265918165997224,0.1540333200935964,0.566617801785469,0.6150610595941544,-1.6246308386325836,0.6608698219060898,-1.038290704290072
-0.32925564064471813,-0.3502266107609978,0.28369228541851044,0.0031705275177955627,0.4586798921227455,-0.3312072828412056,0.03580072025458018
0.41985074606620604,-0.18298990082823569,0.4314812608063221,0.155741348862648,-0.5929843001067638,-0.9307181723415852,1.173376517991225
-0.5053879226109496,0.213157890226554,-0.36389827355742455,-0.26028553023934364,0.9188495576381683,-0.5979395434260368,-0.39781334747870767
-0.26648089365550764,0.17531148792692908,-0.08179986476898193,-0.390424907207489,0.2470453679561615,0.1016116514801979,-0.014726142088572182
-0.7572322241548035,1.1451065089139674,-0.0474051833152771,-2.078563392162323,1.263042688369751,-0.032777514308691025,-0.6515848276515801
0.04358460878332454,-0.2698638488849004,-0.5111613273620605,1.0814229995012283,-0.18309874832630157,-0.3122020661830902,-0.12025867899258935
-0.004362114877612511,-0.34742695355304964,0.13268467783927917,0.806677371263504,-0.44722285866737366,0.23847341537475586,-0.3385607426365217
-0.09554578667437588,-0.14868882181191886,0.3586189541965723,0.2061654683202505,-0.6878278255462646,-0.06361740827560425,0.3971509635448456
0.3828824341849045,0.01873518968069995,0.31632082164287567,-0.4454288184642792,0.17377327382564545,-0.3685372769832611,0.12089469035466513
0.1400908155159818,0.3573277780993117,-0.14252657443284988,0.09329817444086075,0.07255613803863525,-0.409121323376894,-0.1639406569302082
0.391803285382964,-0.20014737387774167,0.08079291880130768,-0.2633132338523865,-0.14675386250019073,0.7117910571396351,-0.3635395554204782
0.3161998692623995,0.5958679873772241,-0.3305934965610504,-0.1769769787788391,-0.2740793451666832,-0.14542977139353752,0.4752969530721506
0.4000082742422819,-0.2831705417484045,0.12308122217655182,0.21305079013109207,-0.06650730967521667,0.2864450681954622,0.20587136410176754
0.24739669711777457,-0.48981482611486205,0.04666656255722046,0.028278887271881104,0.010837435722351074,0.3999619781970978,-0.044258423149585724
0.22705251923589795,-0.2652639636286983,0.2587069720029831,-0.3940129429101944,-0.0852128267288208,0.27998611330986023,-0.07265604411562285
-0.3181870920859553,0.31897336023825185,-0.2993033081293106,-0.23585949838161469,0.4616619348526001,-0.20237746462225914,-0.12145637844999631
0.6006622986385116,-0.3168049903103599,0.4562455266714096,-1.1154316812753677,-0.07406759262084961,0.6676303446292877,0.3315247644980749
0.04258927689106376,0.034399073708940436,0.10919160395860672,-0.7883499562740326,0.9199552834033966,-0.14686056226491928,-0.09394989162683487
0.6664693710152749,0.17295801446393683,-0.6725309938192368,0.44245801866054535,-0.39749906957149506,0.23130163550376892,-0.16078774631023407
0.2204132410525172,-0.3148288815109818,0.40440819784998894,0.1437295414507389,-0.19976644963026047,-0.06416504085063934,0.10966965307792027
-0.07628508664115712,0.7431893870924358,-0.8458030428737402,-0.742507079616189,0.9887774288654327,0.0014502918347716331,-0.40513872262090445
0.17217822986896392,0.4468320509487832,-0.8299513757228851,0.20152392983436584,-0.22635352611541748,0.581907968968153,-0.23091955110430717
0.06996656312710708,0.17075262115233475,-0.5609427727758884,0.28266463801264763,0.2540955916047096,-0.5208001006394625,0.4606445450335741
0.3552584777137748,-0.5265771260967962,1.0769632309675217,-0.3698853850364685,-0.650517150759697,0.5398138151504099,0.12083864600087205
0.1402288786377068,0.15065359517380042,0.023666024208068848,0.23400864005088806,-0.46429644525051117,0.441399022936821,-0.6646520892779033
-0.3150819600732238,-0.019385421165713568,0.48293347656726837,-0.5113768428564072,-0.18145746365189552,0.7842937596142292,-0.489239901304245
0.5546739786104471,0.10780517429251363,-0.1569066196680069,0.004742711782455444,-0.6636724025011063,0.0580880343914032,0.45510073006153107
0.017943560456236213,-0.004890558620293944,-0.4903162010014057,0.944327536970377,-0.39237067103385925,-0.0010477080941200256,-0.4753245785832405
0.2517935309421133,0.1306319002200056,-0.07229544967412949,0.1392674744129181,-0.4709290862083435,0.23914021253585815,-0.2278953604400158
0.0019331649635677128,-0.10857078626200006,0.011048868298530579,0.5980593115091324,-0.9926914870738983,0.6513508558273315,-0.39641131957372033
-0.3132215253318901,0.5372414811755772,0.16424955427646637,-0.5384894013404846,-0.3020734488964081,0.17424298077821732,0.31044377634922665
0.027944584747914364,-0.18582902489988892,0.15148717164993286,-0.22666162252426147,0.20949341356754303,0.4921950399875641,-0.6805505206187565
0.014259971699815355,-0.055487651515890024,-0.02055688202381134,-0.6154815107584,0.8730011582374573,-0.321347676217556,0.31473303089539206
-0.09845467070462527,0.014671815283320568,-0.17154104262590408,-0.45422498136758804,0.551944874227047,-0.17324483394622803,0.35803811003764474
0.19036086076111705,-0.28678879314274697,-0.23735320568084717,0.8531226217746735,0.1839539110660553,-0.9361328184604645,0.7242954721053441
0.0981212654237256,-0.056837040241117825,-0.057950980961322784,-0.30599747598171234,0.09497962892055511,0.5481140352785587,-0.03817773734529811
-0.22915191700061163,-0.038274264583985,-0.5499425083398819,0.5834067761898041,0.23563815653324127,-0.20605650916695595,0.22701648871103924
-0.07024301216006279,0.1951686106622219,-0.20890161395072937,0.2521626204252243,0.4305839538574219,-0.6670345664024353,-0.02290081481138865
-0.1952881447074038,-0.37554865264920173,0.1085868775844574,-0.11180391907691956,-0.2728593051433563,0.46262074913829565,0.3515258887782693
-0.11874618436451312,-0.118503473147198,0.4648328125476837,-0.34549038857221603,0.019032983109354973,-0.13709784299135208,0.3749459317574898
0.1902310145949876,-0.0016666470026528435,-0.515963651239872,0.45447875559329987,-0.5450395196676254,0.571548942476511,0.10711231455206871
0.19401054567208997,0.1555971827495981,-0.5443154778331518,0.7312202658504248,-1.1546973288059235,0.6545263156294823,-0.21342389533917108
-0.0209773444329147,0.512443322757328,-0.02918490767478943,0.023076802492141724,-0.4304334297776222,0.2346678152680397,-0.7303330581635237
0.22008823382633705,-0.24248991499620456,0.2685428708791733,-0.4903184324502945,0.8093747496604919,-0.4336273670196533,0.140472994496425
-0.0033066000237509108,-0.07884050277924096,-0.30041820742189884,0.829094260931015,-0.524079691618681,0.11162756755948067,0.07996918012698492
0.14863954111933708,-0.39795707166194916,0.7017888724803925,0.5646829903125763,-0.8834446221590042,0.2588821202516556,-0.27220141887664795
0.1640628650439558,-0.23936783798314906,0.2908548563718796,-0.30609944462776184,0.360867977142334,-0.0166684091091156,-0.017179042100906372
-0.09533528252332299,-0.3031224271765462,0.030784204602241516,-0.014296308159828186,-0.06940421462059021,0.30676549673080444,-0.048881297310193375
0.613948472947986,-0.23553212097397558,0.1815766543149948,0.10529322922229767,-0.00909830629825592,0.5236334204673767,-0.8365981678167979
0.10728529095649719,0.36680635809898376,-0.5343270339071751,0.25552625581622124,0.26690902560949326,-0.11190595477819443,0.36420296877622604
0.07065354225536188,0.4222592661778132,-0.3997558429837227,-0.07481158524751663,-0.29859383404254913,0.21733923070132732,-0.008876167858640371
0.08157245133555047,-0.19426967686525098,0.7515819668769836,-0.49986112117767334,1.2098892033100128,-0.913778823800385,-0.36416422110050917
0.04961346910783537,-0.4325269561398912,0.11661433428525925,0.6132227405905724,-0.13817059993743896,-0.04774561524391174,-0.294004924595356
-0.25034672477179104,0.6363539033465915,-0.8867437094449997,0.5068593472242355,-0.3616957515478134,0.15443617850542068,0.06979478150606155
-0.28039730419577275,-0.04602665840475645,0.23375503718852997,0.3761281818151474,-0.09801703691482544,-0.3789440616965294,-0.15903410067160922
-1.191173791333481,1.2680166954243624,-0.3578370213508606,-1.1647809743881226,0.7338783740997314,-0.38980747386813164,0.5276106111705303
-0.2150503762618259,0.134267452414389,-0.31375644728541374,-0.046659111976623535,0.5257050544023514,0.04536963999271393,-0.28006424258152646
-0.39279769278234905,-0.23110096425645882,-0.2130567729473114,1.0494629442691803,-0.0037709176540374756,-0.8066517561674118,0.10634924471378326
0.39044866455649885,0.6394883941307112,-0.13180809374898672,-0.5623438293114305,0.3042169213294983,0.3276306502521038,-0.6355789067844549
-0.16463744078107453,0.12131196350135184,0.12272246554493904,0.08354748785495758,0.10713614523410797,-0.3400615565478802,-0.06898209700981776
0.1410233505346157,-0.041671076444564054,0.10106100142002106,1.048110470175743,-1.0671152472496033,0.29727837443351746,-0.5243935783704122
-0.2645852574043804,0.08981765144401127,0.1497069075703621,-0.03566143289208412,-0.16179045662283897,-0.405857652425766,0.08462607363859814
0.11791965461991452,0.2328180847344575,-0.9056437611579895,0.4479480981826782,-0.12463107705116272,-0.26501089334487915,0.796338806549708
0.20147297655542692,-0.4723140758772691,0.7067776471376419,-0.7695845514535904,-0.10170567035675049,1.3200990557670593,-0.6223822832107544
0.1724264675889302,-0.31506247335562,0.11834369599819183,0.6316559314727783,-1.0463767051696777,0.8426291793584824,-0.27185888091723126
0.40453380401487704,-0.4173501362955129,1.411017745733261,-0.8865609467029572,-0.42413994669914246,0.07938814908266068,0.32671624173720676
0.1423989169265109,-0.2781715488958138,0.04342462867498398,0.43940818309783936,-0.5210579938720912,1.3221042461227626,-0.9617178340752919
0.3569146124045801,-0.4672169052064419,-0.09708169102668762,0.2215312123298645,0.09707093238830566,-0.07362820394337177,0.13985966828962168
0.2492775566599987,0.2264364712216236,0.048967450857162476,0.5656111389398575,-1.4794690608978271,0.5726367337629199,0.09495042233417432
-0.037398109695425744,0.09327916663002085,-0.3414146453142166,-0.0031642019748687744,0.8626920580863953,-0.885021448135376,-0.2731512784957886
0.15146104591312232,-0.2620751705986482,-0.14801305532455444,0.18930287659168243,-0.5863140970468521,0.820582926273346,-0.31680457790692645
0.30370058419389856,-0.5277547158507837,0.4411364495754242,-0.7803085744380951,0.602903202176094,0.33879122510552406,-0.1746637411415577
-0.26175585851349215,0.08565963894404749,-0.11057853698730469,-0.4028666317462921,1.2066257297992706,-1.200662538409233,0.5470407083630562
0.38749135520171235,0.11219187218833852,0.1832929328083992,0.4265509620308876,-1.3317950963974,0.5743985250592232,0.5189171060919762
0.06259632096798332,0.28018513894467445,-0.7481978833675385,0.752270981669426,-0.7484827488660812,0.26406311988830566,-0.06759963432947796
-0.3092453523918435,0.022440624181871066,0.278021901845932,-0.40122714079916477,0.06987532414495945,-0.12498815357685089,0.34275998920202255
-0.30088764222131836,-0.36016646234525573,-0.05594266951084137,0.43740832805633545,1.2341823130846024,-1.0446873009204865,0.050825258096059166
-0.36005271198572936,0.46033781739296736,-0.7522797286510468,0.7932407557964325,-1.417413055896759,0.6845474168658257,-0.05481297274430591
0.7695460667212805,0.12769120434919992,0.4435601532459259,-0.5073351860046387,-0.5736033320426941,0.2300836555659771,0.2642982887725035
0.18503827935395142,0.13714747542204955,0.13969682157039642,-0.08153516054153442,0.09028542041778564,-0.3117712140083313,0.0013865133126576747
0.07605457042033473,0.1163520192106565,-0.15979041159152985,-0.1773599088191986,0.02242901176214218,-0.34025929868221283,0.3205298160513242
0.3649632401626419,0.28425293677934893,-0.06964075565338135,-0.23713334649801254,0.5988113656640053,-0.38721273839473724,0.010114207863807678
0.1388425530037946,-0.6145473170197673,0.3892076201736927,-0.5768695659935474,-0.07133674621582031,1.4940293729305267,-0.9226230531930923
0.1964244066233126,-0.18938839559753737,0.47438768669962883,-0.4223388787358999,0.35646713338792324,-0.4720806274563074,0.0504698051760594
0.47780609337819946,-0.15473648181392086,-0.7010489646345377,1.493027314543724,-0.708785817027092,-0.15170788019895554,0.344576599697272
-0.206786396154375,0.1440511887755107,-0.3178916685283184,0.9129623435437679,-1.3516808152198792,0.43618783354759216,0.31249068677425385
-0.23861182205103063,0.20536403454564237,0.3566390946507454,-0.36733879894018173,0.2715643420815468,0.11688985675573349,-0.36441971982518834
0.6372003475962965,0.42954371917854856,-1.0683697611093521,0.02302558720111847,0.7854317128658295,-0.39193254709243774,0.30819972728689515
-0.014934874381180185,0.024963221754188913,-0.2855561673641205,1.0091456174850464,-0.7701814770698547,0.03481005318462849,-0.05966328519086045
0.02630625313354862,-0.14810964299572837,0.19063809514045715,0.26072772964835167,-0.17258894070982933,0.4307060092687607,-0.3328818008303642
0.07769640010816078,-0.3840757593236588,0.69272031635046,-0.7584654912352562,0.34460780024528503,0.5242184996604919,-0.24223658442497253
0.08517626707476597,0.012906284657893369,0.5810020864009857,-0.9625327587127686,1.4740128815174103,-1.7013878226280212,0.25388792157173157
-0.08634142425877078,-0.0664453596152641,0.2646942427381873,-0.48805695679038763,0.42701593041419983,-0.09513253159821033,-0.08586816303431988
-0.15824978426098824,0.07206576317548752,-0.21111026778817177,0.18540936708450317,0.3319394923746586,-0.5511915162205696,0.0898372009396553
-0.5036227520969179,0.27490684803989196,0.11458482965826988,-0.09924882277846336,-0.13792036473751068,0.001664862036705017,-0.1804628148674965
-0.3683107500654404,-0.11404058376879052,-0.09368569310754538,0.9797129034996033,-1.293478935956955,0.20106681436300278,0.870019701619943
0.09892722260620859,-0.5464202169742849,-0.0019389986991882324,-0.3315902352333069,0.7412992864847183,-0.1323980689048767,0.26294133563836414
-0.24369166046380997,0.24547273851931095,0.03478710353374481,0.17340019345283508,-0.025960862636566162,-0.323377288877964,-0.1393659176925818
0.2786308943673417,-0.17710406774723972,0.32116302847862244,-0.1391674280166626,-0.09472659230232239,0.48047490417957306,-0.48959705730279285
0.4468781625231107,-0.6286821862061819,1.4970280900597572,-2.041174091398716,1.2789461389183998,-0.4585031047463417,1.0153889656066895
0.2668723915186193,0.08904760475787854,0.06511382758617401,-0.11185656487941742,0.6161593496799469,-0.5584558844566345,-0.5591224481662115
-0.23745839277075398,0.15581782234625685,-0.48767513036727905,0.5319588035345078,-0.43767260015010834,-0.014988906681537628,0.5790353889266651
-0.5704546714270556,-0.014384715438440998,0.1959247961640358,-0.2594210281968117,0.3115895036607981,-0.17626510746777058,0.58119052896897
-0.021174984466698438,0.3152969502326515,-0.5216729305684566,-0.7252150811254978,0.6209504753351212,-0.13142332434654236,0.33124834795792896
-0.28845682333189027,-0.23284957406145557,-0.5047608911991119,0.5177634060382843,0.24893882498145103,-0.04748967103660107,0.1531067236016194
-0.00885392635784768,0.11280360169432782,0.46511831879615784,-0.23356285691261292,-0.3622935116291046,-0.18089834973216057,0.0383775494992733
-0.1121914657867617,0.17704655706054634,-0.12670467793941498,0.33994294703006744,-0.02097165584564209,-0.07919406145811081,-0.06829785307248434
-2.052162806193035,-2.3634713490804025,7.819149971008301,-3.668473243713379,-1.440225601196289,-0.7620859146118164,1.3141571680704764
0.3322891006246209,-0.43856838857755065,0.8095775991678238,0.03865160048007965,-0.4868382513523102,0.07918615639209747,0.2907844384511312
0.03568260233711312,0.3108381307511418,-0.41254379227757454,0.23781141638755798,0.5171258747577667,-0.4818250611424446,0.16317330549160639
-0.21681641883872174,-0.7390453209755597,1.403362438082695,-0.333695188164711,-0.6931339204311371,0.1640542596578598,0.7579459398984909
0.1604326370827578,0.46789444203454034,-0.36944568157196045,-0.18262196332216263,0.5328793600201607,-0.6188188586384058,0.10742110945284367
-0.1890316005382273,-0.0981890954491165,-0.5884408839046955,0.5449962504208088,0.39669087529182434,-0.6329825595021248,0.32256555557250977
-0.02038159702594082,0.13455727060015005,0.2623135671019554,-0.6157620474696159,0.5594842433929443,-0.8722894489765167,0.4423191944758097
0.12199816514772396,-0.35469586622935756,-0.14933466911315918,0.35476046800613403,0.08752304315567017,-0.15610471367835999,0.058428749442100525
-0.33085437184544625,-0.17405426995483814,-0.04281459376215935,0.026443850249052048,0.16196571290493011,-0.550582692027092,0.4941088060537974
-0.19243689491930935,-0.034221289162006646,0.342729777097702,-0.8863457441329956,0.7453890293836594,-0.043826863169670105,-0.5778898398081461
0.17558499729191815,0.008273058329467425,0.38937924057245255,-0.7167455181479454,-0.3313555121421814,0.31264432333409786,0.19652977026998997
0.01706463284790516,-0.48634068109095097,0.27996544539928436,0.7585221976041794,-1.1047407686710358,0.6640703529119492,-0.3294512207309405
-0.38576201866898274,-0.06869185384776855,0.3023191839456558,0.22220613062381744,-0.3966749310493469,0.7984566576778889,-0.5998615864664316
0.39854855462908745,-0.32530713453888893,0.8381564915180206,-0.6781867407262325,-0.3392398990690708,0.5513619258999825,-0.1284346853693326
0.21225942967942468,-0.05145873426011316,-0.2109920373186469,0.8583941152319312,-0.2944641411304474,-0.6667512282729149,0.43432600547870004
0.10828837076271022,-0.38545958207989184,0.7417877614498138,-0.027666985988616943,-0.5423591434955597,0.38442731462419033,0.43473959403733414
0.3413715573648612,0.41514506315191585,-0.01748661696910858,-0.5765634030103683,-0.5896104276180267,1.316777542233467,-0.7575107018152872
0.15186159188548723,-0.2663288737336794,0.26669423282146454,0.01234617829322815,0.4524131566286087,-0.19030207954347134,-0.3270758831252655
0.12177534001293006,0.2231405119377154,0.08619867265224457,-0.05796690285205841,0.5106106698513031,-1.347300499677658,0.5081611176331838
-0.2564789370323221,-0.0432735284169515,0.46328486409038305,-1.0338973701000214,-0.0790703296661377,0.7249915599822998,0.3075462927420934
0.0798192694955678,-0.09172975506495547,0.4820640906691551,-0.19311616569757462,-0.12347202003002167,-0.5931489691138268,0.17535385986169177
-0.0009167820594652935,-0.1506069928959564,0.167409747838974,0.9000370800495148,-0.9940694496035576,-0.20589909702539444,0.392078660428524
0.11361257980267207,0.24233664323886234,-0.2344762459397316,-0.17429324239492416,0.10875922441482544,-0.5251235067844391,0.8608266698817413
-0.02200314526756604,-0.12007538477579753,0.23603650741279125,0.1754151899367571,-0.5445461124181747,0.46435748040676117,-0.04061314836144447
-0.7583979146072157,1.1442887188383826,-0.7263674885034561,-0.14840228855609894,-1.3508253395557404,1.37775556743145,-0.1304716368516286
-0.23461600779383268,0.15223168222992506,-0.7000982761383057,-0.48707616329193115,1.604216754436493,-0.14824837446212769,-0.10311053196589148
0.1661304541070152,-0.2798364672947813,0.5374208837747574,-0.006409958004951477,0.45198357105255127,-0.6158372163772583,0.1296029066046079
0.03292087741472103,0.12475073806665563,0.07893534004688263,-0.1640072986483574,-0.4123063161969185,0.4814901426434517,-0.12794794887304306
-0.25659709492767296,0.15650628203595124,-0.06849151104688644,0.9878542944788933,-0.5880955159664154,-0.3456525504589081,-0.19025803605715436
0.040574803948402405,0.5282958522439003,-0.5383133292198181,-0.2815963625907898,-0.1578671634197235,0.0711473636329174,0.30599219476183254
-0.2995387802969802,-0.659046837301166,1.07564577460289,0.043038398027420044,-0.6033965200185776,0.05570881441235542,-0.16619368021686873
0.15100089833140373,-0.1012074239552021,-0.4014246426522732,0.31686634942889214,0.5026138871908188,-0.7815274149179459,0.18130606909592945
-0.5584659014862996,-0.5649625624495525,-0.10568377375602722,0.6286888271570206,-0.18716967105865479,-0.12101601250469685,0.29069282549122966
-0.21421761355466312,0.03892915054327911,0.41165436804294586,-1.0786622241139412,0.445093035697937,-0.28151630237698555,0.4330556827286879
-0.4133679450110153,-0.33143060723388634,1.0018142871558666,0.0916394479572773,-0.5962976366281509,0.08250345662236214,0.33002867456525564
0.20437264621809675,0.2144950461332445,-0.27986808121204376,-0.7076926082372665,0.6422012690454721,-0.24168249405920506,0.05214298516511917
0.28211879909590437,0.2199673336689119,-0.6138081811368465,1.4235539697110653,-0.6766440868377686,-0.7021952718496323,0.292599027355512
-0.12489228695631027,-0.42491326481103897,0.2525319829583168,1.912999801337719,-2.402327537536621,0.6109323799610138,-0.07006057103474934
0.34969462234423393,-0.3425990351372295,0.5033753588795662,-0.1926337257027626,-0.12636717595160007,0.16465703584253788,-0.10287718971570332
-0.4733129369991797,0.09131726277647195,0.023657735902816057,0.09119699103757739,-0.10181539505720139,-0.20811156928539276,0.3823098689317703
-0.1583604524946875,-0.23609267444246346,1.4562312364578247,-1.004977524280548,0.2647170424461365,-0.43947645276784897,0.1287521744767825
-0.16829001736240806,-0.15813776459199963,0.17479289323091507,-0.07421060651540756,-0.17581230401992798,0.2700493186712265,-0.3385172511140505
-1.8382980998053595,-0.5019256000027612,3.161911725997925,-4.06785774230957,1.4507105350494385,-0.43406784534454346,-1.4464369217554727
0.26570906640133923,0.17187793635659748,-0.461730781942606,0.6311663426458836,-0.5908096637576818,-0.03918856754899025,0.18569194711744785
-0.26481800484988427,-0.0348180052306917,0.17488426715135574,-0.5846055150032043,0.3088589757680893,-0.7108296155929565,0.6941638340552648
1.012456663504795,1.0033205444062196,-0.4276002049446106,-0.6293254494667053,-0.386488139629364,-0.19252555072307587,0.8473226080338161
0.09499522469316919,0.001010427872339889,0.10104496777057648,-0.4212072268128395,0.07248556613922119,-0.03896026313304901,0.33650564153989154
0.10535737644467089,-0.05689176689419481,0.33114009350538254,-0.9972486644983292,0.835773840546608,0.1804145872592926,0.12990623215834296
-0.1063789076137322,0.013082394652344564,-0.3582546887919307,-0.4953678073361516,-0.21497184038162231,1.0361980348825455,0.06564017633597058
0.06736195459961891,-0.4168527089059353,0.7772826254367828,-0.5726022198796272,-1.181270144879818,0.5557404309511185,0.42188584307829535
-0.35472457352335807,-0.3228053594077075,0.8291532099246979,-0.98626309633255,0.5971374660730362,0.13838647305965424,-0.5994039227565129
0.4090550054140665,0.2856421716235302,-0.4494265569373965,0.29563873540610075,0.2690761089324951,-0.7368442248553038,0.36299059353768826
0.5343132577146645,0.046600708806956256,-0.18333160132169724,0.14769919961690903,0.6483002975583076,-0.5479195788502693,0.07820897549390793
0.15406017419364718,0.09778254065248701,-0.585610881447792,0.5264189392328262,-0.8049958497285843,0.5853683166205883,0.19505592063069344
-0.06484175314781843,0.08772520376024423,-0.10077137500047684,-0.2902666926383972,0.23396393656730652,0.15278147161006927,-0.05700048804283142
0.25993447254101437,0.2959565942486127,0.07266988418996334,-0.16969500295817852,0.309069000184536,-0.463058277964592,0.38087137788534164
0.07320813296569718,0.6743058951364623,-0.5371477492153645,-0.21944419667124748,-0.5228215157985687,0.4185458719730377,0.6023744493722916
0.07402033448495246,-0.20544944606997348,-0.2795540913939476,0.8230528384447098,-0.3996170610189438,-0.29928702488541603,0.3869335738321146
-0.34832962157411707,-0.3316889272795783,0.35793695598840714,0.3432973846793175,-0.05649381875991821,-0.34718483686447144,-0.06872925907373428
-0.29289202930198777,-0.06780296584798229,-0.009387284517288208,-0.0818684920668602,0.3985317721962929,-0.33814142644405365,-0.49442311624685925
0.009750734928443475,-0.07896330524925832,-0.2936418056488037,0.4078235849738121,0.003393605351448059,0.3035995662212372,0.07343232383330661
0.5941325008731198,-1.1198884259771418,0.9259015824645758,0.46383352018892765,0.9663944840431213,-1.4403922706842422,-0.3598877638578415
-0.3706619197295772,-0.3741980476511849,0.17814195901155472,0.1868576742708683,0.04550538957118988,0.22176485136151314,-0.3720623304446538
-0.317655057473867,0.2557112600792337,-0.3018876314163208,0.023722723126411438,-0.3187059313058853,0.31500834226608276,-0.08491836488246918
-0.29068281280773656,-0.13967089575749855,-0.3001987785100937,1.3844598233699799,-1.4284556210041046,0.5413227044045925,-0.4097808673977852
0.04789369501587418,0.10259673889312479,0.3744804263114929,-0.15616708993911743,-0.8122206926345825,0.3110213279724121,-0.46873587369918823
0.21062313158203055,0.4063287568451078,-0.6616739705204964,0.7111667171120644,-0.17160660028457642,-0.5695540979504585,-0.07538590890665847
-0.36827699805575387,0.529446283010421,-0.20601120591163635,0.4452492892742157,-2.253665268421173,1.2391359955072403,0.0016406774520874023
0.0699491022085702,0.01414613184277658,-0.6203558687120676,-0.01432088017463684,0.9025661051273346,-0.3427988588809967,0.2542949629326662
0.11210046015265915,0.370906305913296,0.06617319583892822,-0.7937915921211243,0.12797078490257263,0.3389877676963806,-0.33424382408459985
0.00393774015484033,-0.46788624701676546,0.8043730538338423,-0.230761943385005,-0.6761327683925629,0.3513511912897229,0.009012957724432152
0.40070736318550726,-0.12201069391987941,0.2702760398387909,0.37728631496429443,-0.5013623684644699,-0.028440285474061966,0.25110693027575814
-0.1938365911030107,-0.07294135644204086,0.11449573561549187,-0.3251773752272129,0.533974289894104,-0.22593671083450317,0.2523148817320665
-0.22234551056667612,0.31775354042097376,-0.7541959583759308,0.8419342041015625,-0.18815234303474426,-0.618474155664444,0.014731939882040024
-0.5125476001865334,0.028042222476667822,0.30605196952819824,-0.796753466129303,1.3956325054168701,-0.30276961624622345,-0.40296266973018646
-0.4618776710014101,0.21871033583388286,-0.13684050552546978,-0.4832080602645874,0.7960416078567505,-0.10904717445373535,0.13819674154122671
0.017971068206760615,-0.038190777930948466,0.216731458902359,0.589396208524704,-1.030008852481842,0.6691986173391342,-0.6153675764799118
0.3077680018764955,0.060962464936353544,0.13978802412748337,0.0676942691206932,0.6855363696813583,-0.8808464705944061,-0.06316188971201578
0.09591018463726397,-0.20356337781305667,-0.13946283236145973,0.12186161056160927,-0.19850851967930794,0.18750276789069176,0.08181987951199216
-0.33032053450329435,0.6790294248817695,-0.7663971148431301,0.23229021951556206,-0.5705165714025497,0.8579435795545578,-0.2135846664508184
0.16304889569679898,-0.4185984606544177,0.9850162714719772,-0.8500796742737293,-0.2258397899568081,0.8860660493373871,-0.5383648158361515
0.11850234100388156,-0.27530023807452786,0.23094137012958527,0.4042072147130966,-0.043389588594436646,-0.040843233466148376,-0.028258681297302246
-0.248376308698897,-0.08626552788471734,0.10099683701992035,0.04379333555698395,0.47417330741882324,-0.07264062762260437,-0.37896131972471875
-0.2263007348886243,0.14643052951605234,-0.24066400527954102,0.5640595108270645,-0.7664453536272049,0.5983929187059402,0.1181635136405627
0.3512323332467565,-0.21404653987674802,0.38866585679352283,-0.48075020499527454,-0.7332593500614166,0.6073857247829437,0.2241549926499526
-0.5520054398587456,0.28944200263531117,-0.09300148487091064,-0.2976616807281971,-0.3071822039783001,0.6629044339060783,-0.0337042436003685
0.20768219951531608,0.11896694134230967,0.016616784036159515,-0.3071429207921028,-0.4776310473680496,0.5824755867943168,0.10467746326078972
0.08650403235245635,0.06662979211520265,-0.030647143721580505,0.16679783165454865,-0.46072087436914444,-0.005385052412748337,-0.15035681364436945
0.39072585850954056,-0.23078881204128265,0.5407827198505402,-0.3993072956800461,0.8308945149183273,-0.785487487912178,-0.14717155694961548
0.5149347176430402,-0.6404448439953504,0.707685261964798,-0.16626878082752228,-0.8108313828706741,0.5471011251211166,0.040180181463559464
0.47242933153002353,-0.17594495429484933,-0.1484749112278223,0.6984479669481516,-0.360910601913929,0.39504245668649673,-0.8810566067695618
0.2670636109455868,0.34534199466859855,-1.1364442706108093,0.4307340383529663,0.17153561115264893,-0.038943298161029816,0.5384915545582771
-0.010047463337994278,-0.7940388269618981,0.6197201609611511,-0.3272404372692108,0.9757448732852936,-0.4006187226623297,0.1071228738874197
0.14688607522596916,-0.09715619155516227,0.053554706275463104,0.44233202934265137,-0.8299515247344971,0.2768168020993471,0.5961658538629611
-0.24888234961501976,-0.17557428401239494,0.17838115990161896,0.25626201927661896,0.06245073676109314,-0.24541139602661133,-0.07730743288993835
0.022378020747392265,-0.5870329633493114,1.0985894352197647,-1.4078909307718277,1.0161422342061996,0.030480489134788513,0.04319728910923004
-0.34008389124991717,0.11131271692337813,-0.14731045812368393,-0.12911049276590347,0.6778864562511444,-0.4312552660703659,0.07585601260264715
0.09825710959180639,0.06125719838396265,-0.007989407517015934,-0.1617323448881507,-0.5511742234230042,-0.0066572874784469604,0.7604625076055527
0.26770502684154995,0.1434888850759577,-0.37265610694885254,0.5709136128425598,-0.5087006539106369,0.20466917753219604,0.3059881577889124
-0.20383980359744142,-0.4796472764401524,0.6752855330705643,-0.9560025781393051,1.401160717010498,-0.1705569624900818,-0.21108031148711842
0.1375285020718972,0.13507249144216377,-0.3422316648066044,-0.17185355722904205,0.13722572103142738,0.2479640170931816,-0.37707773596048355
-0.2515982189388187,-0.16208064694095542,0.5326767340302467,-0.5425290986895561,-0.5832765102386475,0.6002124547958374,0.28393583993117016
0.039750037887306126,0.29718370532134064,-0.7696417421102524,0.7558514624834061,-0.088173046708107,0.08341795206069946,-0.32402294625838596
0.27101476173158046,0.24634939190690164,0.06793500483036041,0.5349174290895462,-1.5799865126609802,0.7100051091983914,-0.09316666393230359
-0.10216327411709009,0.08957412121472536,0.008553974330425262,-0.323677122592926,0.3255108967423439,0.07751329988241196,-0.17787160972754162
-0.4465845752921369,0.02611567493942049,0.0456739217042923,0.43334345519542694,-0.3688059225678444,-0.3624434694647789,0.17367366949717206
-0.04894789696360628,-0.17743059977268177,0.948759488761425,-0.7969552353024483,-0.31147564202547073,0.27378515899181366,-0.19557404518127441
-0.10840255008251579,0.31960285441191105,-0.4111496852710843,-0.07019390445202589,-0.1393882855772972,-0.23905380070209503,0.15425732731819153
0.3247916391119361,0.15237545408308506,-0.1266581043601036,0.009034939110279083,-0.3693348467350006,0.5243150442838669,-0.33059650535384816
0.3497251681983471,0.33550701290369034,-0.1584380716085434,0.36408810317516327,-1.3345897793769836,1.1277032792568207,-0.575594055155913
0.053935679158678765,-0.23638996530186246,-0.030779361724853516,0.5557811558246613,-0.15496695041656494,-0.6162689998745918,0.20532719045877457
-0.17178808352737512,0.19947607084004965,-0.7666929215192795,0.5416610091924667,-0.6708568632602692,0.9414322376251221,-0.22368328770001727
0.1212729302890323,-0.1767908692083977,-1.1631497144699097,1.9377684593200684,-0.664598286151886,-0.21471789479255676,-0.1102856000264486
-0.08390712720790394,-0.12594167626014463,0.13387935049831867,0.3204465415328741,-0.44657380878925323,0.3592807427048683,-0.10057881971200308
0.1712677223538911,-0.2880110075628316,-0.15397340431809425,0.26208503916859627,0.052444588392972946,0.13178951665759087,-0.02133776992559433
0.09699107589269126,0.25560633955454387,-0.43169387988746166,0.06486157886683941,-0.2018819898366928,0.6503805369138718,-0.5643158455689748
0.24438420903903468,-0.27208629471284373,0.567586537450552,-0.22001434490084648,-0.9551081955432892,0.7665161713957787,0.2885316237807274
0.17935533683609078,-0.21273945133995126,0.6454991921782494,-0.815417043864727,-0.06228181719779968,0.3784426599740982,0.19543945789337158
0.041165978475301346,-0.03158134484180697,0.02755463868379593,-1.061910666525364,0.5652413070201874,0.7734909281134605,-0.34841532446444035
0.39512077208470414,-0.03406845640253137,-0.5924429222941399,0.5452690124511719,-0.7472267597913742,0.18669407814741135,0.5241365358233452
-0.2938541970043271,0.0480987517922013,0.0008553415536880493,0.5868185758590698,-0.48084487579762936,-0.5551131311804056,0.3786133055885633
-0.4758684956641109,0.311934283486119,-0.22275911271572113,0.49820272624492645,-0.8438453674316406,0.9624900221824646,-0.18219663078586262
-0.2299565414863604,0.2107787209528464,-0.7222848683595657,0.8462309837341309,-0.6545023322105408,0.5424803718924522,-0.323635533452034
-0.08556964637332218,0.16185028867416637,0.10973888635635376,0.4758901298046112,0.08703649044036865,-0.3369482755661011,-0.09333119913935661
-0.3736662272777822,-0.08810789469215605,0.7546874284744263,-0.24871179461479187,-0.2605464421212673,-0.6242189444601536,0.9330377131700516
0.5639093776267987,0.2928225177305716,-0.20162122696638107,0.031342171132564545,0.20500460267066956,-1.4719347655773163,1.4267365038394928
0.2528406823122943,0.019439139023975094,0.10105128586292267,-0.37636563554406166,0.674184788018465,-0.5749089419841766,0.13894989589850107
-0.170622775848541,-0.11569955241349009,-0.39477331191301346,-0.09289845824241638,0.6098948083817959,-0.2100570797920227,0.08279586707552274
-0.2210171603192403,-0.3069334593773992,0.19214940629899502,0.2460880894213915,0.6076306030154228,-0.7305002016946673,0.12060711936404307
-0.683996652804867,0.24960837102736588,0.05981148034334183,0.26219403743743896,-0.3456464260816574,-1.1563553661108017,0.6953073541323345
0.34494716508520973,0.1784127669201957,0.16742107272148132,-1.5026728808879852,0.8244244009256363,1.0827340334653854,-1.7637868920962014
-0.06399108938596866,0.5514792921366515,0.09367457032203674,-0.07268252968788147,0.061426639556884766,-1.0988527685403824,0.3637814198931058
0.4126381481549254,0.1359826271870622,-0.2244802564382553,1.171476811170578,-1.3098888993263245,0.27778463065624237,-0.1479075849056244
0.14115340614484417,-0.39699154699014294,0.77336785197258,0.1777561753988266,-1.4950072169303894,1.8724210858345032,-0.8739489416281383
-0.10073324016950748,0.2640050696554007,-0.2834387756884098,-0.8539609275758266,1.2799921035766602,-0.4064110517501831,0.4118257910013199
0.006683928434978481,0.35298864775406263,-0.5819434970617294,0.5729770511388779,-0.8440300524234772,0.36625320464372635,0.06716617445151012
0.16664205998596218,0.2278967598039243,-0.8772724270820618,0.41792938113212585,0.10430820286273956,-0.334190234541893,0.5938817858695984
-0.08827409003343847,0.11209831428196695,0.05654672905802727,0.525731835514307,-0.2455550730228424,-0.7571528889238834,0.23172098770737648
-0.013277065974694711,-0.04032175518848278,0.0008114315569400787,-0.37850305065512657,-0.16445091366767883,0.8911036625504494,-0.270144780476888
-0.4112517949607637,0.5196143206622865,-0.9270555227994919,-0.27114348113536835,0.9372947514057159,-0.3619871661067009,-0.06297441571950912
0.27415291620073495,-0.0096901359933394,0.21768014878034592,-0.7074599787592888,0.04072536528110504,0.08159954845905304,0.2129498322804769
0.01180438821514447,-0.17984029402335483,0.292901411652565,0.043600380420684814,-0.34356431663036346,-0.2598401606082916,0.19905233879884082
0.0033744737781860323,0.15373817586374502,-0.0800149692222476,0.65655317902565,-1.4025940895080566,0.7213483676314354,-0.30703606456518173
0.08280668925080034,0.08064802032377985,-0.17015519738197327,-0.23811028897762299,-0.4162394255399704,0.8104047775268555,-0.26871196056405705
-0.33072997712426716,-0.058259076542324484,0.9194668978452682,-0.9710090607404709,-0.3651456832885742,0.6562554389238358,0.285663440823555
-0.29171934254743437,-0.030132890713435632,0.3055506534874439,-0.03405594825744629,-0.40990763902664185,-0.05884510278701782,0.4367916832367579
0.05320568377566007,0.17672567400667402,-0.2952269837260246,-0.13134484738111496,1.1687970161437988,-1.113157793879509,-0.06463705003261566
-0.11834475632618974,0.03331064667414735,-0.5502733141183853,0.5445288419723511,-0.275051087141037,0.46294407546520233,-0.2757712105909983
0.11335138724771915,-0.0844130425679463,0.13000227324664593,0.6843830049037933,-1.3335099816322327,0.4428170174360275,0.11040996511777242
-0.22278134823190393,-0.31259397817430673,-0.11981320381164551,0.5592177584767342,-0.14394456893205643,-0.18426862359046936,-0.04048316553235054
-0.12599887119399178,0.15819528864489663,-1.1029463559389114,0.28910031914711,0.9840797185897827,-0.15837495028972626,-0.39097993075847626
-0.15773094216085695,0.7824117644103589,-1.5050840079784393,0.3184634745121002,1.1766902208328247,-0.5171312093734741,-0.6723077644904454
0.1255779506949087,-0.2717197554496428,0.6501603499054909,-0.9885008558630943,0.2897036373615265,0.330134853720665,0.08754000067710876
0.12363738414865953,0.013872163025317366,0.16798214614391327,0.4321943148970604,0.10588604211807251,-0.8209853395819664,0.3021263008316358
-0.0039082078470124015,-0.22123780453370678,0.23174801468849182,0.1436568945646286,0.652396559715271,-0.3482232391834259,-0.573552004682521
0.08380805066338291,-0.1792094793032717,0.07795368134975433,-0.5173216909170151,1.0129054486751556,-0.6192817017436028,0.04636211196581522
0.25715573383840146,-0.1744677375105244,0.427643571048975,-0.2714693285524845,0.7250062227249146,-0.6309642046689987,0.10206172118584314
-0.13721066540865987,0.03864532536654561,-0.496723435819149,0.40494123846292496,0.19977322220802307,-0.3798670917749405,-0.20206404974063238
0.28510958556499744,0.22602271247241232,-0.476712167263031,0.37580448389053345,-1.4042322039604187,1.8339109420776367,-0.6700903375943502
0.054712637293118024,-1.5150657286522564,2.1005981266498566,-1.1785450875759125,1.2158796191215515,-0.6654492653906345,0.3693484403192997
0.07835135526127285,0.24126775645547444,-0.1611092910170555,-0.7337587177753448,0.6341663002967834,-0.6077004969120026,0.81484338392814
-0.2902850199628759,-0.5053102161597323,0.7694519534707069,-0.40715137869119644,-0.1273978352546692,0.692692844197154,-0.3660400342196226
0.3506651715272003,-0.09219030746155316,0.6634271144866943,-1.5122669041156769,1.485549807548523,-0.9476063251495361,0.53297878925999
0.45264581007951943,0.31898586010491403,-0.6149332001805305,0.31560973823070526,0.3589409217238426,-0.4427664652466774,0.13587647179762521
-0.15244047233351954,-0.143025570721538,0.6867263615131378,-0.00027057528495788574,-1.5221946835517883,1.2807335630059242,-0.19780251383781433
0.11277823303653686,-0.5074463339039573,0.22232427820563316,0.08619657531380653,0.2526514083147049,0.05365275777876377,-0.2337664111206929
0.07980395894911554,-0.07022776868608263,0.5002498403191566,-1.5820081308484077,1.1037289649248123,0.12176639586687088,-0.4473329788694779
0.5145913263851846,0.23803773018772956,-0.7387471795082092,0.4153943359851837,-0.030781246721744537,-0.40454886853694916,0.4781205877661705
-0.1771912303994651,-0.20599376789673612,0.32110359612852335,-0.22192766610533,0.27669188380241394,-0.3516405373811722,-0.3374231606721878
0.043494866333074034,0.36898798019521767,-0.498647253960371,-0.8484122939407825,1.6960387825965881,-0.9431213587522507,0.058626939853032425
-0.06534991544429902,-0.32860665637309905,0.9233977198600769,-0.4090656042098999,-0.46950432658195496,-0.05229674279689789,0.5082123726606369
0.3946584790117211,0.4415691913002067,-0.31032711267471313,0.6534282565116882,-1.1760269403457642,0.48050886392593384,-0.4500160713990529
0.016094647209953405,0.27642035125582304,0.46357372403144836,-1.0563055276870728,0.45599348843097687,-0.26700204610824585,-0.20142425845066703
0.15143902648102353,-0.061401561385503525,-0.7094212472438812,0.39020922780036926,-0.07528457045555115,0.4992462359368801,-0.15689169988036156
-0.3951172681042442,-0.2376939969620219,0.4088163822889328,0.9058548361063004,-1.100669950246811,-0.161146380007267,0.2099422387157877
-0.15547503903508186,-0.34753021970391273,0.5265651494264603,-0.17737936973571777,0.08410029113292694,0.08069995045661926,0.10688729087511697
0.08556434898464768,0.6817420086374989,-0.644684785977006,-0.48153541050851345,0.5085882097482681,-0.19308693706989288,-0.3367517391840617
0.1293736453064614,-0.31998804294400746,0.3313676342368126,-0.7806197851896286,0.5790663361549377,-0.03125527501106262,0.3916127383708954
0.02124584016079703,-0.7466216484705607,0.7720290422439575,0.4334004521369934,-0.2977652847766876,-0.46904662996530533,0.4235319172342618
-0.07636618217522348,0.3198006010993763,0.09416012465953827,-0.5452138036489487,-0.189410001039505,0.6250875294208527,-0.5255142251650493
0.11288737291815104,-0.7215840515715104,0.8050157725811005,-0.538090854883194,-0.0027844905853271484,0.0912131741642952,0.6574169471859932
0.12437681277730951,-0.29888641537615546,-0.3234744966030121,0.3265273869037628,1.2709996104240417,-0.9018448460847139,-0.10891326330602169
-0.03459773985324083,0.1631712841766852,-0.2998031824827194,0.19735787063837051,-0.4851687029004097,0.752440795302391,-0.21634888152281442
-0.5738148873464929,0.14938734078572857,-0.19056355953216553,-0.6901548653841019,0.8431898057460785,0.06545957922935486,0.24915672838687897
-0.10480825430541127,0.08149148351340382,0.03172431141138077,-0.44727030396461487,0.2661202698945999,-0.16242127679288387,-0.10829696493844193
-0.09369755405242797,0.07026682476754542,-0.36926256865262985,0.3060349151492119,-0.36941370368003845,0.7163140326738358,-0.22561791787544888
0.08595633189435359,-0.36561998407597895,0.8487249240279198,-1.0731362402439117,0.8765547871589661,-0.1293259859085083,0.2263095875581106
0.0470024073858642,0.5396061531371541,-0.795734666287899,1.3269312605261803,-2.0184836983680725,0.345803901553154,0.48513856033484143
0.302624453962953,-0.2732908103477072,-0.16537064872682095,0.5570868011564016,0.10144507884979248,-0.5015806257724762,0.7246918578942617
0.3395803525560984,-0.11955823111175387,0.6408598311245441,-0.27990736067295074,-0.6150792986154556,0.25710598193109035,0.21070936260124046
-0.5269085808001734,-0.5300332013241671,0.5595000088214874,0.2719992697238922,-0.03511174023151398,-0.9185580313205719,0.8546653340260187
0.3498990259702421,-0.10596552152290112,-0.36357104778289795,0.4643724225461483,0.6942412219941616,-1.2228384017944336,0.03831117476026219
-0.04428998229128342,-0.23696388456004638,0.8203784469515085,-0.4224568549543619,-0.08784246444702148,0.010251037776470184,-0.2237018582721551
-0.0708248397956292,0.12451155359546345,0.48513102531433105,-1.1731609255075455,0.7799227386713028,-0.09273867309093475,0.17471480866273248
-0.9295479433817996,0.09648302031887901,1.0118456184864044,-1.417138010263443,0.8997415900230408,-0.9426222816109657,0.058873144288857815
0.14204841424469594,-0.07285153810624723,-0.4059896618127823,0.4444459229707718,-0.4869966059923172,0.7212493419647217,-0.004267359773317991
-0.0034170844764621067,0.016088827064743738,-0.3621811866760254,-0.5444717109203339,1.4882043600082397,-1.1191847138106823,0.3220338933169842
-0.02520148614766421,-0.4757763168740052,0.6008283123373985,1.2322135046124458,-2.0323814153671265,1.0490012113004923,-0.3182699823131164
-0.2802390092638908,0.03620779976524689,-0.014263033866882324,-0.23756657540798187,0.19757262617349625,0.08920224010944366,0.05875039597352347
-0.38904654620974155,0.16004496826617806,0.13497836887836456,-0.17798158526420593,0.0028800517320632935,-0.014974921941757202,-0.3566783467928568
-0.5147361137248851,-0.1368244088910244,0.20603229105472565,-0.8041881173849106,1.3105057775974274,-0.218118604272604,-0.36132183050115907
-0.014229981918577772,0.14179455185378037,-0.1193915382027626,-0.42779379338026047,1.3538376688957214,-0.9492970257997513,0.09041114151477814
-0.11059856525173893,-0.41827952006348856,0.5419823229312897,-0.6360081732273102,0.34521979093551636,0.6342269666492939,-0.5838982599476973
-0.2236676707311913,-0.2794449192092375,0.7937252074480057,-0.731149360537529,0.33814583718776703,-0.2769281044602394,-0.19534478336572647
0.23270917980483286,0.1240545407075573,-0.1364215575158596,-0.46169910579919815,1.1559646129608154,-0.931695032864809,-0.0980329004426797
-0.4515905389217314,0.08225329496242373,1.1227846145629883,-1.5820943713188171,0.7381734251976013,-1.4012223184108734,0.9318766494592031
-0.090506953842662,-0.4007453865337151,0.5418822094798088,-0.3995235487818718,0.6121016144752502,-0.43747879564762115,-0.2705947558085124
-0.3410834400673155,-0.21433367200747686,-0.723758265376091,1.3986052870750427,-0.9219017922878265,0.6477472931146622,-0.09774240603049597
0.14711033635669285,-0.35195034452610546,0.4724474251270294,0.4267272353172302,-0.975030392408371,1.028701275587082,-0.670577218135198
0.4371624760053776,0.00946145283955116,0.611218273639679,-0.4952038526535034,-0.2806503362953663,-0.5028574652969837,0.6059081628918648
-0.5392850613980381,0.574562320002803,0.4560021907091141,-0.7834639251232147,0.1600261777639389,-0.3563503473997116,-0.08989673232038815
-0.2140104680977486,0.0792414195559643,0.6220057141035795,0.3271279353648424,-1.1640879958868027,0.37183861434459686,-0.05414194365342459
0.1003694501188066,-0.1020389464166429,-0.39031925797462463,0.9734276831150055,-1.057552009820938,0.5172230750322342,0.8236096315085888
0.006187634059676421,-0.3866708851246922,0.0499647855758667,0.4404965788125992,-0.6699585765600204,0.6214400827884674,0.3893049657344818
0.30145608140500607,-0.10302446103068413,-0.027735388837754726,-0.1863926351070404,-0.0854465663433075,0.7388029247522354,-0.4690875510374705
-0.3912985782932352,-0.15131932386645564,0.042371705174446106,-0.2097761183977127,0.3695487976074219,0.2504590433090925,-0.4031252196679513
-0.018307784365283117,-0.49260202629698646,0.9264885932207108,-0.4644719213247299,-0.5602497756481171,0.7503590062260628,-0.2903087014953295
0.12370683211419317,0.5893024359312322,-0.731951491907239,0.3659531641751528,-0.3470528721809387,-0.16045884788036346,0.4139762868483861
-0.5945868621476822,0.6286852824398212,-0.8139447420835495,-0.28660669922828674,1.7051844000816345,-0.5717329829931259,-0.5799109414219856
-0.11711096639434498,-0.208608487000068,0.20832768082618713,-0.04108881950378418,-0.055145084857940674,-0.2496454417705536,0.7761363486448923
0.07194384559988976,-0.07724177092313766,-0.1930132359266281,-0.2986699044704437,0.5111813545227051,0.4654078483581543,-0.11212764183680216
0.03157276722292106,-0.15582608493665856,0.07083706744015217,-0.717411058023572,1.0901215374469757,-0.5421949997544289,0.1608956946680943
-0.23774534601856162,-0.5392732233912857,1.1257894933223724,-1.1008390486240387,0.45773619413375854,-0.353105703368783,0.7485681728770335
-0.10608254550714735,0.03894718914051298,0.3283664435148239,-0.07376568019390106,-0.4632066786289215,0.47890156507492065,-0.30894521872202557
-0.1442261046419541,-0.3634393451114496,0.4066549986600876,0.10803085565567017,0.12143588066101074,-0.1154775321483612,0.06686612963676453
-0.20922998554521688,0.34291398833954223,-0.4209485948085785,0.20896609127521515,-0.3352719098329544,0.27753469347953796,0.19967009127140045
-0.03280019922250951,-0.36713098386233606,0.5931957513093948,-0.43894389271736145,0.26854778453707695,-0.5900085382163525,0.3096764932076136
-0.48566424832851796,0.2648903539887181,0.0295172818005085,-0.18143060058355331,1.0751945301890373,-0.8673105686903,-0.21060152351856232
-0.06014746213676753,0.047821776665471216,0.16408499516546726,0.017448825761675835,0.40181878209114075,-0.591520894318819,0.056704480201005936
-0.3344163008172203,0.0696514722097803,-0.532002680003643,0.8911339789628983,-1.0520179569721222,0.42106859385967255,-0.03595391660928726
-0.1858565953594667,0.4197880809229833,-0.8377609383314848,1.1907199751585722,-0.9722979888319969,0.6266604587435722,-0.4197928011417389
0.4500819491567435,-0.01609904415629526,-0.38919708132743835,0.6801499426364899,0.1422734260559082,-0.935172975063324,0.48671335975329083
-0.22886794227761803,-0.12181012863638224,-0.10741742700338364,-0.46149150282144547,1.9473232626914978,-1.6463009268045425,0.5020297914743423
0.3496845498405121,-0.42550633323413356,0.23922644555568695,0.5347763746976852,-0.48669280856847763,0.2076585814356804,-0.21508369843165082
0.2384192089860638,0.5307324637348453,-0.5898549892008305,0.17611316218972206,-0.2087203711271286,0.1384934037923813,-0.09539854185034831
-0.32117249623492916,-0.27662803425833027,0.20989949256181717,0.8952511996030807,-0.8062466084957123,-0.20751748979091644,-0.19370813916126886
-0.011630916761027454,0.5253897698389159,-0.21497562527656555,-0.28037911653518677,-0.06625670194625854,-0.7409996390342712,0.19898611803849536
-0.01026477343920204,0.24903497524145576,-0.11424972116947174,-0.5956519991159439,0.9940193295478821,-0.099440379999578,0.12553036616494262
-0.13431267122979518,-0.24101880137567167,-0.18777330219745636,0.49519291520118713,-0.6017600446939468,0.7017070204019547,-0.23745747158924738
-0.15978258289396763,0.37596334517002106,-0.8977924957871437,0.09040377289056778,0.14397947490215302,-0.1559450477361679,-0.21533652146657306
0.15081236594253117,-0.31979310967855984,0.12462553940713406,-0.7146519180387259,0.5019897222518921,0.25836119055747986,-0.17852921535571414
-0.07726939974559677,-0.39944874660836327,0.374911367893219,0.17072927206754684,-0.4543723091483116,0.40907295048236847,0.15309645980596542
0.1705673198664078,-0.0022817516216525335,-0.0675019258633256,-0.17612849827855825,-0.2862437218427658,0.5851370841264725,-0.41114287078380585
-0.4577729365339986,0.5674377194157354,-0.4322545975446701,-0.03683610260486603,-0.14946946501731873,0.4953903667628765,-0.975844041754802
-0.31065360049682633,0.08009456622379796,-0.028165563941001892,-0.7858059704303741,0.6611389219760895,-0.46542251110076904,1.040224876254797
-0.28415897868021767,0.15192990943237586,0.38217997550964355,-1.7320505380630493,1.5058575570583344,-0.3430236652493477,-0.48528166860342026
-0.03650005385969524,0.4013416826793993,-0.8679702281951904,0.8975407481193542,-0.6008178293704987,0.48891665786504745,-0.4656628221273422
0.07590549556469478,-0.3606036298528866,-0.12114646285772324,0.11443984508514404,0.15521609783172607,-0.17553455382585526,-0.045544132590293884
-0.3041679234140449,0.18903210841947132,-0.4206829220056534,0.09491593390703201,0.29936132580041885,0.054911911487579346,-0.27170710762341815
-0.23707190749269946,0.15924360451323016,-0.13015776872634888,0.17031455039978027,0.09713343530893326,0.03699105232954025,-0.41300586611032486
0.1019361804894827,-0.004402071582498376,0.31061334908008575,-0.15284118056297302,-1.1579549610614777,0.762532114982605,0.7066787878672282
-0.08135662507265806,-0.08146336674690247,-0.16480662301182747,0.6234839744865894,-0.37099130265414715,-0.12754946574568748,-0.4012292629728714
0.38317534106749074,-0.5069330945886947,1.1491863429546356,-0.8502142429351807,0.019173700362443924,0.08357564732432365,-0.2991027732690176
-0.49752957463540415,0.2729623196301637,0.2583277300000191,-0.20319146662950516,0.31238385289907455,-0.5782762914896011,0.035665083676576614
0.4233229547325108,-0.2772817886951897,-0.09704495966434479,0.6758329570293427,-0.6032735705375671,0.16464246809482574,0.143158171325922
0.24842979476131774,-0.42203438744224886,0.6397091001272202,-0.017149940133094788,-1.4109291434288025,1.0310540217906237,0.02513160121937593
-0.11923686677107105,-0.4004839632522177,1.0599673986434937,-1.3490855395793915,1.0317789912223816,0.046266742050647736,-0.3353391016523043
-0.07452559816064658,0.036151468477867266,-0.19379154220223427,0.3439185656607151,-0.9148426353931427,0.703426867723465,0.014703641335169465
0.3662023384262014,0.5840485181521486,-0.11697809398174286,-0.21405212581157684,-0.4635327607393265,0.643645703792572,-0.19102466603120166
-0.2419379068262599,0.5262204318962715,-0.465540811419487,-0.3094338271766901,-0.5205686148256063,0.8154917135834694,-0.15335048486789066
0.24598708279706813,0.0966959419073882,0.940558135509491,-0.7565306425094604,-0.9275190234184265,0.5181362573057413,0.045061583941181496
0.04284122367217033,-0.23268973049535244,0.6795846112072468,-0.3722171224653721,0.7546671479940414,-0.7602626457810402,-0.41141034414370853
0.17243465009852554,0.36611382875815723,-0.697394385933876,-0.05177082121372223,1.314089447259903,-1.1001509577035904,-0.2139684309562047
0.08358251117169857,0.022104231640696526,-0.05073843151330948,-0.6354876421391964,0.6412201449275017,-0.45970289781689644,0.7213153106470903
0.23606404255109803,0.20494014059227927,-0.4404594600200653,0.5060151815414429,-0.21688072383403778,-0.2082604430615902,0.41363347694277763
0.3094696709541258,1.2596626701178375,5.2276477217674255,-7.445425868034363,2.0158015489578247,-1.7918264269828796,1.660580004254977
-0.6490318094966588,0.5355677967546163,-0.7250175625085831,0.11560501158237457,-0.17090710997581482,0.015336349606513977,0.9278603990872701
-0.2053768974211481,-0.23175791609618399,0.001073962077498436,-0.12346644885838032,1.062363252043724,-0.7738016024231911,-0.28648948638389504
0.14101007556611742,0.10779095185851609,0.3671882003545761,-0.6449854373931885,1.2819969058036804,-0.862513855099678,-0.4665468086798986
-0.30639219449626076,-0.470437871499194,0.23009706288576126,0.8715921267867088,-0.16108351945877075,-0.4448784589767456,0.453320249915123
0.12041775613195366,-0.03850503183073468,0.010425664484500885,-0.3922746777534485,0.44000303372740746,0.24156894907355309,-0.2547396048903465
-0.3185889691597334,0.14979586084545765,0.15254927426576614,-0.8018190488219261,0.5641011893749237,-0.39643675088882446,0.29511579871177673
0.27510955805579823,-0.347120667497317,0.12300962209701538,0.21877749264240265,-0.15584354847669601,0.21497396379709244,-0.023155012478431075
0.36239141294801674,0.15511528333580052,0.18719065189361572,-0.9553381651639938,0.06272035837173462,0.6781208887696266,-0.2824738696217537
-0.11047808087810324,0.20465191460593984,0.5119953900575638,-0.2438089083880186,-1.4133960027247667,1.7445153295993805,-0.4453462061161796
0.25639720502550956,0.10262897182945852,0.21051326300948858,0.03253945801407099,-0.42432133853435516,0.24946485459804535,-0.43373706191778183
-0.16732616501825828,-0.01646192592603188,0.5947083756327629,-0.1935642883181572,-0.6107183247804642,0.1443939507007599,0.5148704598347346
-0.09736914097986839,0.25059024154863974,-0.5581186860799789,0.636392280459404,-0.6836287975311279,0.2685871943831444,-0.008957189818223327
0.173709400481096,-0.2569828392178924,-0.1669825166463852,0.6831011772155762,-0.3494272083044052,0.30865348130464554,0.058017280884087086
0.27367127948889025,0.21773193141928426,-0.37414100766181946,-0.2279970720410347,-0.15897411853075027,0.1193922758102417,0.16096492111682892
0.17491587027217503,-0.2119653304969823,-0.0990237407386303,0.43750398978590965,-0.20028438791632652,-0.18901395611464977,0.06807561653355756
0.2534053592632214,-0.3679113655040661,0.5292103663086891,-0.5020396932959557,-0.16111643612384796,0.87560074031353,-0.1472369184096654
0.060752188165982574,-0.27357710649569833,0.4670991897583008,-2.775748163461685,3.7417678833007812,-1.3060589134693146,0.4576854010423025
0.16931796280874145,0.6043158339129554,-0.5077260956168175,0.33596574515104294,-0.029929697513580322,-0.32575563341379166,-0.09301396459341049
0.12106444383109058,0.7426782280758575,-0.7651834785938263,-0.49351581931114197,0.7306668758392334,-0.10156126320362091,-0.026940813288092613
0.3758533848104654,-0.041978358256596106,0.22513862140476704,-0.6276092957705259,0.1065855622291565,1.0540354773402214,-0.879610188305378
0.12643741443753242,-0.07068996131420135,-0.2024859357625246,0.43989583291113377,-0.4973280727863312,0.02204844355583191,0.17524948964516324
0.33309399405563317,0.22364270618116416,0.009797774255275726,-0.5604222938418388,0.22036108374595642,-0.3434823229908943,0.18645964562892914
-0.11673094939302514,0.32633873682331155,-0.4264511913061142,0.1306191235780716,0.05516510084271431,-0.6193355433642864,-0.11501349260409677
-0.6363040529605415,-0.6850229460332129,0.5301525294780731,-0.06898292899131775,0.45542845875024796,-0.6424814462661743,0.30137849599123
-0.4225271561493476,0.10019165960450967,-0.18063801154494286,0.06128661334514618,0.12206273060292006,-0.35743924882262945,0.4417199765642484
0.3799061889725703,1.0644527037662488,-1.3610874339938164,2.18350600451231,-1.2836549878120422,-0.5524374172091484,-0.2596191888054212
-0.31472428381029105,-0.03654651385214594,0.14297499135136604,-0.5550059899687767,0.15556958317756653,0.5839788317680359,-0.36342566708723706
-0.024214412896307533,0.18255858716589435,-0.023734986782073975,-0.347229428589344,0.1494891196489334,0.2065117284655571,-0.004596412181854248
-0.161360714584589,-0.046819502487778664,-0.21743572317063808,1.0499656572937965,-2.6015437245368958,0.6730962991714478,0.8386664887269337
-0.0628139333523534,-0.3056729115821697,0.27089789509773254,-0.35249099135398865,0.2205321192741394,-0.3401593863964081,0.031457771857579586
-0.016257347470080397,-0.16929441883608148,-0.3851568102836609,0.8579894453287125,0.12786541506648064,-0.3839420713484287,-0.04429030170043308
-0.26519571368892986,0.5900159192581971,-0.6186833642423153,-0.35836367681622505,1.3694547414779663,-1.2091760486364365,0.44736520449320477
-0.21012072396223191,0.17636655821223501,-0.20187092572450638,0.4696677103638649,0.10650372505187988,-0.17076945304870605,0.2908559342225393
0.17499565540088546,1.301292231099473,-0.3831053376197815,-0.9369759485125542,-0.15419720113277435,-0.6276416406035423,1.0721539656321208
-0.1603067380686601,-0.2042213256160418,-0.042585715651512146,0.5452723205089569,-0.0979074239730835,-0.29946450889110565,0.2709392240891854
0.1934613021504548,-0.21408108570095566,0.6310754865407944,-0.39242253080010414,0.23618151620030403,-0.11252990365028381,-0.5403442544241746
0.2287489626970556,0.2695526346150372,-0.5694220662117004,0.38496850430965424,0.09933005273342133,-0.4910193085670471,0.042582881947358445
-0.48636605618176637,0.1677646416204947,-0.34848950430750847,0.24647904559969902,-0.406808041036129,0.41529225558042526,-0.31212877357999486
0.04378718289512175,-0.15844695514964838,0.377566322684288,0.0013492107391357422,-0.3553364872932434,0.42301589250564575,-0.5963427126407623
-0.3184056752016423,0.02320684396006442,-0.6974303871393204,0.537144124507904,-0.3939169645309448,0.8012274354696274,0.017717051009337105
-0.20764578851284804,-0.11975629469034849,0.21372993290424347,-0.029563065618276596,-0.009414631873369217,-0.10723762586712837,0.02515851830442746
0.023910755912462868,-0.11366423840324083,0.5603743493556976,-0.278924897313118,-0.4449615180492401,0.10556866228580475,-0.14042290548483533
-0.14655501864574572,0.43861590794942995,-0.4849609974771738,-0.31090795062482357,0.9951771646738052,-0.8813487077131867,0.08100758461902538
0.16571212753101633,-0.1993854400460367,-0.49234048277139664,1.57683864235878,-0.5641018748283386,-0.32086169719696045,0.2631399929523468
-0.16935747158196238,-0.1474983650777075,-0.49022160843014717,0.3641439415514469,0.5372552871704102,0.18749350309371948,-0.473193883895874
-0.3702488542982826,0.4423301519343147,-1.254537969827652,0.7793838828802109,0.021845072507858276,-0.5992372781038284,1.1535006761550903
0.12462794628960115,0.6012411058225013,-0.2584508843719959,0.08036195114254951,0.014470845460891724,0.25790221989154816,-0.6143578837315241
0.3404466215935018,0.1990878615114424,-0.7711383402347565,0.2310609519481659,1.4217345714569092,-0.9791779741644859,-0.2994783396522204
0.07830072594461618,0.10537200393500151,-0.5831573083996773,0.08508122712373734,0.7685441672801971,-0.6132042035460472,0.22911238421996433
-0.03702669452737878,0.32045005868982385,-0.11904656887054443,-0.2811743915081024,0.582311600446701,-0.11104734241962433,-0.0646700163682302
-0.10813014523591846,-0.33408838941249996,0.18944409489631653,0.6596072912216187,-0.2090461552143097,0.20044922828674316,-0.5239587339262167
0.12426249006832085,0.3224692598537163,-0.6464279368519783,0.48436660319566727,-0.42927779629826546,0.18595709279179573,-0.18723068634668985
0.4725207408709038,-0.048916982654999525,-0.24331240355968475,-0.00010333210229873657,0.10476243495941162,-0.14898493140935898,0.261855773627758
-0.12173457664472086,0.009598547937693422,0.2811710685491562,-0.6331385225057602,0.3869875594973564,-0.08545640110969543,0.3925192927320798
-0.33640982591788526,0.4068348632125115,-0.058956634253263474,-0.5703777261078358,-0.06335651874542236,-0.07008635997772217,0.7446424613396327
-0.08553360947580249,-0.9098515605071077,0.8572618383914232,0.6778625827282667,-0.6699954271316528,-0.16738929599523544,0.3106728283067544
0.4279424510896206,-0.06398423761129379,-0.2789052426815033,1.2628182768821716,-0.858394667506218,-0.181858092546463,0.5939066062370936
-0.0696760002799608,0.30016330222564713,-0.3051773104816675,0.06527831591665745,-0.19086728617548943,0.3159240148961544,-0.42691495517889655
-0.16178131013832708,-0.02572569340743401,0.5230602473020554,-0.23833249509334564,0.49054569005966187,-0.4399358034133911,-0.1272198036313057
0.09587915172731434,-0.5466960969001606,0.2693442702293396,0.2972135618329048,0.2893289551138878,0.292505145072937,-0.3929559687773386
-0.032595927447632504,0.2864193120902335,0.006944265216588974,-0.37267886474728584,-0.16422713547945023,0.4508922193199396,-0.40117857294778025
-0.17563770730393352,-0.4215345636906999,1.1279593110084534,-0.20573362708091736,-0.15614357590675354,0.09671220928430557,-0.39156156529982883
-0.026985629151264845,-0.4742794757088025,0.34307704493403435,-0.4773731045424938,0.8883626759052277,-0.34037937317043543,0.3524435283616185
0.21350660795966786,0.43199750532706577,-0.7823879644274712,0.3270355463027954,-0.3064219132065773,0.863104909658432,-0.5711914201577505
0.16560611753138127,0.06995700047937808,0.6167748719453812,-0.28762708604335785,-0.5611586198210716,0.3019323796033859,-0.41176301489273703
0.3154956625981463,-0.005758453367484928,-0.3877006024122238,1.5904582291841507,-1.5396335273981094,0.3830680698156357,0.14592852691809338
0.21564253157487623,-0.4757826488327097,0.3064540773630142,0.3791757673025131,-0.3160631414502859,-0.12172143021598458,-0.30994281250362593
-0.12617298643346186,-0.3180273504996741,-0.005608055740594864,0.8160198666155338,-0.45687346160411835,-0.12536738812923431,-0.05521333714326222
-0.2187815204400707,0.5101114593584228,-0.6338344272226095,0.0004361700266599655,-0.026777274906635284,0.24610862135887146,-0.1748499845465024
-0.25167298955083994,-0.2409028421604523,0.235137939453125,-0.442821204662323,0.7192807495594025,-0.21615500655025244,-0.5752343942100804
0.5924204672100367,0.1741868136105714,-0.9929085671901703,0.8677363209426403,1.6671799905598164,-1.931516345590353,0.16685787464181584
0.01782420657023237,-0.0035851039682273655,0.08294795081019402,0.660206276923418,-0.34810492396354675,-0.3372761905193329,-0.19973107675711316
-0.6864543678583922,0.531234611791593,-0.6661635022610426,-0.9179546851664782,0.981818150728941,-0.14749418199062347,-0.09118513887127239
-0.1724748869461042,0.08873228514911952,-0.5552115719765425,0.07156143896281719,0.1851496696472168,-0.16344308853149414,0.3626942584911982
0.16243605933117644,0.0038824727482817817,0.3912501931190491,0.1529107689857483,0.19273275136947632,-0.9961739778518677,-0.17258396744728088
-0.030685041065293323,0.08071580060102321,-0.32890191674232483,0.43622032180428505,-0.1702786423265934,-0.29942992329597473,0.4847559593617916
-0.17243089157812022,-0.05042120252080537,0.24468369036912918,-1.1755293533205986,1.1168235447257757,0.026729176635853946,-0.41636584656468284
0.2632297251235556,0.1811576400090147,-0.6281336843967438,1.1309964209794998,-0.3651762306690216,-0.4846780151128769,0.2532603293657303
-0.3129441321448043,-0.17036153072560276,-0.10882945358753204,-0.9993259310722351,1.7581754922866821,-0.9071987271308899,0.4920957237482071
0.18342018041207833,0.12840833042368846,-0.10444635152816772,-0.17681365460157394,-0.3520037606358528,0.7471493631601334,-0.3378998562693596
-0.5781107302065249,0.13477718636945446,-1.185543179512024,0.13611656427383423,1.5838564038276672,-0.022716283798217773,-0.8891986509164175
0.06245651537621463,0.08340917086159741,-0.18676970526576042,0.27500149980187416,-0.025910429656505585,0.07464608922600746,-0.08220367133617401
-0.4150279785195986,0.22159113238255182,-0.5517227500677109,0.07242019474506378,-0.25117701292037964,0.04916611313819885,0.07221235831578574
-0.08142751220751693,0.5054376548914998,-0.3053595721721649,0.2575206756591797,-0.19331622496247292,0.34577494487166405,-0.1395753175020218
-0.0454049281500004,-0.18021749856847302,0.012286178767681122,0.17999878525733948,0.16428682208061218,-0.2421390563249588,-0.1435910239815712
-0.1293713093769771,0.44525649929764094,-0.3844662718474865,0.24940938875079155,0.08816942572593689,-0.7107173129916191,0.1558571681380272
0.16280670513623152,0.36568040642197486,-0.34752948209643364,-0.24519292265176773,0.437593687325716,-0.07615683972835541,-0.0562748908996582
-0.020158069587692062,-0.6225093422388589,-0.000433504581451416,1.1726983785629272,-0.37672171741724014,-0.22855623066425323,0.030549295246601105
0.09017489091665656,0.08052966757505028,-0.30072885751724243,0.17453089356422424,0.5629073083400726,-0.6657097786664963,0.10651815434296927
-0.2750721831150629,0.28411202843266503,-0.8811070173978806,0.6385727077722549,1.5226932018995285,-0.9426869507879019,-0.25380149918297923
0.06332352067585345,-0.26120531614179965,0.02267996035516262,0.04127245582640171,0.7978478372097015,-0.08935217373073101,-0.44967170245945454
-0.17975758716326068,0.3191564162434251,-0.30745355784893036,-0.10914970934391022,0.5397812128067017,-0.060060035437345505,-0.6846997824807961
-0.2023509743588942,-0.03252766626300635,0.1751873642206192,-0.25165027379989624,0.324198879301548,-0.6661649867892265,0.3783113559087118
-0.26107926611547116,-0.2343335920875823,0.19876614399254322,0.5305528622120619,-0.024492859840393066,-0.5104127526283264,0.5445756117502848
0.4622390524449724,0.23877045670869174,-0.24324489757418633,-0.027254972606897354,-0.08260504901409149,0.06556451320648193,-0.06832561021049817
0.32221770479723255,-0.4758058023397569,0.6898320317268372,0.2013954222202301,-0.2621693015098572,0.24993147375062108,-0.27754385443404317
0.058096530812757986,-0.22407029472567416,0.3713177740573883,0.18260565400123596,-0.11066654324531555,-0.2015777975320816,0.3459069114178419
-0.0182872729168998,0.08150708282159436,-1.05780228972435,0.4181082546710968,0.2632477432489395,0.21677620708942413,0.044335417449474335
0.16484195877004554,-0.3575233160345643,-0.1521625518798828,0.5975066348910332,0.31279406696558,-0.48940734565258026,-0.12227742373943329
-0.042993310597483764,-0.27411665139650854,0.17796478793025017,-0.08545894548296928,0.4149803966283798,-0.372660830616951,0.21099277213215828
0.29488026737063017,-0.17942380546419706,-0.1559561938047409,-0.06881611049175262,0.7145866937935352,0.11048777028918266,-0.012294560670852661
-0.08651230608423552,-0.18422423551479974,0.5704658329486847,0.3357768803834915,-1.063330203294754,0.20153695344924927,-0.25776247183481854
-0.29191409784403666,0.16343313443508967,1.4744240045547485,-1.1221920549869537,0.26737141609191895,-0.9852374717593193,0.35895630965630215
0.15296236563611915,-0.10080234937507797,0.06871246080845594,0.7462677787989378,-1.488133430480957,0.7569752037525177,-0.13830411930878958
0.06845645192596647,0.06372630265023974,-0.8002362996339798,0.5736846625804901,-0.005783438682556152,0.561681404709816,-0.46646918542683125
-0.11822023624726744,-0.35672350963405164,0.057199813425540924,-0.2927476540207863,0.47623568773269653,0.5677055418491364,-0.6803678298989931
0.037276317882868976,0.014358140942123204,0.29881201684474945,-0.36409450974315405,-0.2190427938476205,-0.10904610902070999,-0.20241162429253257
-0.2039375529383068,0.7140727714393977,-0.8643793389201164,0.024077408015727997,-0.4583885669708252,0.00014957785606384277,0.9695348056654136
-0.0534694774283303,-0.5212036983834373,0.6583816558122635,-0.42258817330002785,0.5944807268679142,-0.6152828428894281,0.3952289118121068
-0.004072239346526289,-0.01815359694538293,-0.21141505241394043,0.6221099942922592,-1.1228747069835663,0.8183693513274193,0.5229291990399361
-0.005226934121714696,-0.06650783142281903,-0.09510359913110733,-0.5228483527898788,0.545037642121315,0.529511671513319,-0.4746033313373725
-0.17239489702990762,-0.08580245339760074,-0.3567516878247261,0.38459961861371994,0.15911584347486496,0.2967677265405655,-0.45764970282713574
-0.11134155784492139,0.6811860719764674,-1.1190441250801086,0.2504726052284241,-0.6831279098987579,0.4523831307888031,0.21221257497866947
0.11243102285597059,0.06636718329456118,0.03835199773311615,-0.10368490219116211,-0.46972641348838806,0.15032706409692764,0.3139730667074522
0.04789219120586358,0.29296708038007774,-0.576061800122261,0.3383036404848099,-0.4567592889070511,0.5269718840718269,0.07427102575699487
0.22514888678711872,-0.1994717832378767,-0.6361339166760445,1.5166796445846558,-0.8080243468284607,-0.3182344064116478,0.31564268469810486
-0.5143772532335587,0.03419738459504312,-0.3186855763196945,0.22632697224617004,0.5585915446281433,0.0720980316400528,-0.4328934003909429
-0.03218463287447337,-0.4481950482284581,0.7499286085367203,-0.9779914170503616,0.5860368385910988,-0.5498355999588966,0.5263793220122656
-0.020709419278083008,0.7247520700373031,0.0005385261029005051,-0.45625936798751354,-0.09809738397598267,0.9250049740076065,-0.9447052205602329
-0.2449484585818869,0.11550528528513732,0.12271332740783691,0.11584111303091049,0.42315659672021866,-0.8479354530572891,-0.2482257833083471
0.15168975704108123,0.037908710159913254,0.01793832704424858,-0.5190156847238541,0.37656691670417786,0.08193632960319519,-0.03790837029616038
-0.01777929505678239,-0.1505014517310041,0.14949266146868467,0.07786333654075861,0.5060392506420612,-0.6467954702675343,0.4699537741641204
-0.14507377791839343,0.4631752783122162,-0.2536376789212227,-0.1610173061490059,0.11653396487236023,-0.011112436652183533,0.06303298100829124
-0.00960649663789405,-0.27854061944203246,0.10995063185691833,0.36303359270095825,-0.1291743814945221,0.21267851442098618,-0.34006473670403164
0.16749979545258814,0.12125053267098135,-0.6106582805514336,0.6009360030293465,0.10908938199281693,0.08158043771982193,-0.34895040839910507
0.2093263994212504,-0.4543685074205752,0.6355407387018204,-0.16476376354694366,-0.9097195863723755,1.4058129265904427,-0.452363928159078
-0.20434076611504512,-0.16198034125759644,-0.2995764836668968,0.49777382612228394,-0.16041292622685432,0.7302170284092426,-0.3431801398595174
0.17401181423553713,0.18963299056998006,-0.40276002883911133,0.48883725702762604,-0.5004833191633224,0.5838295631110668,-0.10352590804298717
0.03354439858554138,0.35937184447215664,-0.6080960407853127,0.25528766959905624,0.04817875102162361,0.046777140349149704,0.13338434447844824
-0.2764335965944661,-0.4233301223980056,1.0172943770885468,-0.420010007917881,0.5823445692658424,-0.2899399697780609,0.06892433762550354
0.01060262570778529,0.6303423357506593,-0.40806278586387634,-0.32286134362220764,0.5648253262042999,-0.18907982856035233,-0.7730082894364992
0.16986521899148269,0.2781573514695521,-0.5543250814080238,0.9408180415630341,-0.3223160356283188,-0.42443492263555527,0.5041844223936399
0.3092724471870396,-0.31934490199718213,0.06487475335597992,-0.08482611179351807,0.4709519296884537,-0.2412465363740921,-0.05472021425763766
-0.5660592202373125,-0.955699581997814,0.9702679417096078,0.7561943926848471,-0.4599401392042637,0.22333836555480957,-0.15456822142004967
0.40668362917171585,-0.15900105776058304,0.17761755920946598,0.3332305457442999,-0.68687504529953,-0.08230209350585938,0.6442486668626467
-0.6817635248104731,-0.23031656195720038,-0.09499563276767731,0.40276942029595375,0.2940869741141796,-0.3681797683238983,0.3193710347016652
0.028366571706202298,-0.058139646839764386,-0.4706052094697952,1.1019918620586395,-0.9732424318790436,0.38479696214199066,-0.004835347334543862
0.058061731427356045,0.3405273133819854,-0.5104320347309113,0.43102481961250305,0.40809017419815063,-0.19557440280914307,-0.34236546854178107
0.08926584481917046,-0.10327239244900369,0.12909286469221115,0.1310938596725464,-0.03941890597343445,-0.9713241457939148,1.0730394124984741
0.37428702635656075,0.16165182215196117,-0.2768106460571289,0.5739146918058395,-0.9450833797454834,0.7138103321194649,-0.12648934870958328
-0.17053072358033172,0.22546811232826225,0.38966992497444153,-0.3057093918323517,0.32318174839019775,-1.0102235674858093,0.8910610973834991
0.3724053275116064,0.10765790415030939,0.7587359771132469,0.11876273155212402,-1.9426741003990173,0.6326927691698074,-0.041299048190315546
-0.2516213343651207,0.09313433479379729,0.13198594748973846,-0.4397822171449661,1.2433301508426666,-0.7721017710864544,-0.19440769528349244
0.44321809678028024,0.6009675872822603,-1.0485398322343826,0.7393536120653152,-1.458449125289917,1.452277660369873,-0.35785453518231713
0.21211474216370668,0.0280013567319623,-0.10069666057825089,-0.14726544171571732,0.3598925322294235,0.1337103247642517,-0.7266112069288889
0.014234971854387324,-0.4350296803922565,0.39035477861762047,-0.16155767068266869,0.3859798461198807,0.13331451499834657,-0.39060727988059324
-0.12118850455239968,0.03843176544264512,-0.4241533651947975,0.25140366703271866,0.2664908356964588,-0.21595551259815693,-0.11691849616666633
-0.10041154555424496,0.7630705163572673,-1.0184881202876568,0.5733764581382275,-0.12699124962091446,-0.11034967191517353,0.4416765806575616
0.485385360127246,-0.34571058482483585,0.5983041077852249,-0.24343253672122955,-1.0753973424434662,0.883801581338048,0.44250802509486675
0.12402594448239715,0.06364141418426125,-0.6148543059825897,-0.27373769879341125,1.1427839398384094,-0.9070064276456833,0.8354362497727077
0.03878446963305274,-0.0810940625766913,-0.17977489903569221,0.47748636081814766,-0.16480785608291626,0.07389678433537483,-0.07916407411297163
0.1844689992290956,0.06363500309763132,-0.3283925801515579,-0.043026506900787354,0.40484197437763214,-0.11961271613836288,-0.21654382099707922
0.323897374379966,0.13985640969541335,-0.8856760542839766,1.4612302463501692,-0.9398550689220428,0.06425651907920837,-0.009083723028500856
0.16006424388399831,-0.11993331572523824,0.5948413833975792,-0.18690648674964905,-0.012562062591314316,0.1644398607313633,-0.6699063330888748
-0.039854377370189764,0.07237084196121607,-0.31171055138111115,0.34007634222507477,0.01918730139732361,-0.21440225094556808,-0.1146107812722524
-0.04192850010952463,0.11940564418694487,-0.061177607625722885,-0.6216816194355488,1.0613956451416016,-0.5422946698963642,-0.0281008742749691
0.12120205274334661,-0.17138524836412183,0.2560332268476486,-0.3647647947072983,-0.025189563632011414,0.1161058098077774,0.293826883037885
-0.10348814449928426,0.21016360915921353,-0.13785554468631744,0.7411186844110489,-0.44192391633987427,-0.12292334623634815,-0.31673851422965527
0.17467606674741815,0.11615201223779609,-0.23635347187519073,0.08299390971660614,0.09464716911315918,-0.13270939141511917,0.05257360885540646
-0.6163065657709483,-0.1138950622882004,0.09321756660938263,-0.33245567977428436,0.30084094405174255,0.058725133538246155,0.353376363714536
-0.08118174307876164,0.2916039534740978,-0.12193717807531357,-0.46774687618017197,0.2603989914059639,-0.09000474773347378,-0.09019540436565876
-0.21964165582149117,0.11615910953669636,0.45891429763287306,0.2569245873019099,-0.03254812955856323,-0.5244751572608948,-0.7503762046496073
0.40653072870164003,0.33944995873780165,-0.11671814322471619,-0.29503966867923737,-0.302407905459404,0.5458781383931637,-0.5843077215055625
0.05567077347249896,0.33470003320663066,-0.4558021128177643,-0.45035406947135925,0.41847458109259605,0.2728072367608547,-0.32201757778724033
-0.1460415106611671,-0.7290233987969933,0.5847702026367188,0.6938854455947876,-0.10864317417144775,-0.6659435871988535,0.19909659959375858
-0.1086233470381962,0.2572818731682168,-0.2024986408650875,-0.3026932589709759,-0.6110436320304871,1.5489854663610458,-0.20379325250784558
1.4679749158245547,0.9770267757552641,-3.782669000327587,0.3115420863032341,1.4898951053619385,-0.17715752124786377,0.49296008547147113
-0.285283963230473,0.014641386491280994,-0.055084653198719025,-0.22503376752138138,0.12488378584384918,0.10345141589641571,-0.009842539827028929
-0.06858779966003364,0.48174963808721966,-0.7644028589129448,-0.03634222596883774,1.0229130536317825,-0.32652056217193604,-0.6074626247088114
0.10164182308923314,0.09619423512507369,0.10772722959518433,-0.7100042700767517,0.830763965845108,-0.38231087755411863,0.018143316420416028
0.8107761622027114,-0.5898537070110992,0.5197378993034363,-0.6270534694194794,0.5656760483980179,-0.23813030868768692,-0.240246723095576
0.2874223314984529,-0.6906258617355316,0.7210517525672913,-0.7503880262374878,0.2185940146446228,0.30902719497680664,-0.276718460333844
-0.36064759407330443,0.34992009539295127,-0.6421981230378151,0.3355565071105957,-0.9820132255554199,1.259063258767128,-0.2764926254749298
0.03270131492711327,-0.09312114542074225,-0.08652695454657078,1.0207042396068573,-1.1434472799301147,0.4687558710575104,0.19941772023836773
-0.13862833325509671,0.3091535599971259,0.3382064960896969,-0.26034873351454735,0.49093666672706604,-0.6873573511838913,-0.5815005227923393
-0.26236618282618346,-0.1897636915522593,-0.03900974243879318,0.11095079034566879,0.9049381911754608,-0.5805965960025787,-0.10275834426283836
0.0069956902966455195,-0.3830009822354273,0.23755039274692535,-0.05682416260242462,0.17888620495796204,0.28526673652231693,-0.10651115514338017
0.06295179672263285,-0.053722900372964344,-0.39856791868805885,0.033885348588228226,0.06462180614471436,0.4910113476216793,-0.4654439700146516
-0.015391748295062117,-0.08792821980184978,0.2650906443595886,-0.9714135080575943,0.8219452053308487,-0.04709097743034363,0.10615459581216176
0.08913182824229202,-0.41112444301446277,0.6490212269127369,-0.14378295093774796,0.3115786500275135,-0.47482519689947367,-0.033106124959886074
-0.19932745107346111,-0.22818102232284015,0.17405611276626587,0.465792179107666,0.035145118832588196,0.2151111327111721,-0.908838144193093
-0.02128264249336939,0.08012532384169321,-0.18799620866775513,0.18359769880771637,-0.12117524445056915,0.17266229540109634,-0.01426203797260922
0.22079112130665668,0.10025795659533253,-0.3157804310321808,0.18491926044225693,-0.10791897028684616,0.0774889662861824,0.34659424734612304
0.018811375040698936,-0.18232583454637616,-0.988593079149723,2.207813084125519,-0.9365483522415161,-0.08865919709205627,-0.6938890020052592
-0.30401005623517213,-0.31109523000540557,0.9608661644160748,-0.5729050152003765,-0.42482662200927734,0.20024308562278748,-0.2870403925577799
-0.4763392105146691,0.3456295325800225,0.3054836541414261,-0.7980601191520691,0.23655801266431808,0.27080000564455986,-0.16900135452548662
0.1426365422429862,0.09161671527006007,0.21943777799606323,0.06963667273521423,-1.825008749961853,1.4563367515802383,0.0963945637146632
0.17993295237559964,0.3289432735354812,-0.42974575981497765,0.5235346108675003,0.8485748618841171,-1.6225232109427452,1.0897762601574261
-0.03675028426503694,-0.03410600753570044,-0.260248813778162,0.8127408996224403,-0.178715318441391,-0.3478567972779274,-0.5372576142350833
-0.22911361942964573,-0.2834602653704308,-0.054883331060409546,0.369840532541275,-0.2668832838535309,0.5333370566368103,-0.13516739010810852
-0.08485206523565231,0.24190159914670167,0.4414335787296295,-1.1913039684295654,0.5691834539175034,-0.254406176507473,0.5307119265198708
-0.31895667583578163,0.44972678356700474,-0.11117558926343918,-0.7792316451668739,0.6837149262428284,-0.4092260990291834,0.32790915109217167
0.5032784022321856,1.0119893917882883,-0.79460309445858,-0.7134765237569809,0.881154865026474,-0.501735270023346,0.5583030233780543
-0.3799792064905718,0.04152984009986674,-0.25851336494088173,0.5339570082724094,-0.6185343712568283,0.7788554579019547,-0.3812815795342127
-0.06747727620380896,0.054075440046963866,0.45145121961832047,0.3798576444387436,0.26313889026641846,-0.9618425071239471,-0.3564754823843638
0.13802999589178297,0.16476518329646853,-0.20105264335870743,0.25583160668611526,-0.007908999919891357,0.14400798082351685,0.08865578969319665
0.04248912163354733,-0.09370994471289494,0.5998337939381599,-0.3459889590740204,-0.1907379925251007,0.5964614450931549,-0.556573914984862
-0.45632341697260187,-0.1062602344210501,0.10973446443676949,0.24710097163915634,-0.43015068769454956,-0.0033096158877015114,0.17047898812840384
0.013811370150910496,-0.386537860872017,0.8449638187885284,-1.1017874777317047,0.6077798157930374,0.4725227179005742,-0.028948304243385792
0.15777590001622838,0.18688138698538143,-0.12112663686275482,0.06851346045732498,1.0460674986243248,-0.7374435216188431,-0.45069179435571033
-0.3128856089380052,-0.02722737524244523,0.24713166058063507,0.8939511626958847,-0.7838980928063393,-0.0006274357438087463,-0.5042963276306789
-0.13623936933085876,0.4482875633294936,-0.1003781408071518,-0.19435773510485888,-0.6698660580441356,0.8221304006874561,-0.5455418539543946
-0.012564707202491938,0.41934119130450265,-0.16315340995788574,0.14874377846717834,-0.2893695533275604,-0.38597216457128525,0.28195153921842575
0.03560979805748771,0.26225857667762925,-0.4693490043282509,0.07690151035785675,-0.8656573295593262,0.9878299981355667,0.2783883158117533
0.36726142800654527,-0.45662807262744065,-0.03250382840633392,-0.4555898755788803,1.0742118954658508,-0.4917156584560871,0.38198837017019593
-0.12199250408620746,-0.08406240693121045,0.4500749111175537,0.9779232740402222,-1.7819399237632751,0.32007183134555817,0.34538255135218304
0.03924120947097739,0.4125319744149844,-0.9607596099376678,1.7843352854251862,-1.6627969443798065,1.0335266273468733,0.33274457044899464
-0.20616076928046012,-0.5137599981907341,0.45451803505420685,0.5350504964590073,-0.04821355640888214,-0.3373292163014412,-0.045617617666721344
-0.25606981802869727,0.31250845778871467,-0.989491730928421,2.644520789384842,-2.185022335499525,0.513367298990488,0.6455942963560422
-0.11403001261944021,0.5514449148818299,-1.129992812871933,0.3069556653499603,-0.238486647605896,0.7365157902240753,-0.05423782020807266
-0.7373685685020905,-0.053643957056381086,0.16430677101016045,-0.5550529919564724,0.48116984963417053,-0.2805737857706845,0.36561420233920217
0.13498249063613238,-0.13692539902748885,-0.014484286308288574,-0.6971666067838669,0.7183390855789185,0.02231617271900177,0.3476863677302996
-0.30037884089957784,0.06872294612090896,-0.2334543252363801,0.14941468089818954,-0.261667400598526,0.3673721104860306,0.18159036338329315
0.3280963334772322,-0.5886729802522395,0.5607515200972557,0.47218648344278336,-0.36972373723983765,-0.1839054673910141,0.020163392027219132
0.013390525968538389,0.11639405807687177,0.011848347261548042,-0.40438427962362766,0.897429496049881,-0.7019304595887661,0.148027287175258
-0.18257392415155968,0.4300492623200019,-0.5862928703427315,0.6657366827130318,-0.7688407897949219,0.45895152539014816,-0.021602424482504518
0.17803013724861322,0.0066073943895322285,0.17688730359077454,0.19550418853759766,-0.6197896003723145,0.308271199464798,-0.04930187885959941
0.013960295563770667,-0.039886055721177,0.3720696493983269,-0.08461812883615494,-0.5079120993614197,0.6757274642586708,0.1206158424417178
0.5744042702847056,0.24036506108111805,-0.17181140929460526,-0.9777162000536919,0.4677480384707451,-0.05356966704130173,0.28215746829907096
-0.20411599862078825,-0.31271625620623433,-0.16646502912044525,0.21022649854421616,0.27025993913412094,-0.8405778855085373,0.7624644208699465
0.13684154774441762,-0.22849955044134898,-0.038789160549640656,0.09939373284578323,-0.49757081270217896,0.994194507598877,-0.07760102550188701
-0.03774070625917779,0.23895772246436942,0.07974974066019058,-0.350687850266695,-0.3276577778160572,0.39841127395629883,0.06817067166169484
0.4415037743057366,0.26548337384506504,-0.2520047351717949,0.12092214077711105,0.5161970257759094,-0.2248617708683014,-0.37146511673927307
0.24846090704064677,0.25166029621053626,-0.5969420000910759,0.9469525516033173,-0.7834294438362122,-0.03668815642595291,0.2525448724627495
-0.5173597222676983,0.5792709401360264,-1.0639125723391771,0.7032405752688646,0.8806617259979248,-0.8198473900556564,-0.23865164816379547
0.03927801225196432,0.04496570069480826,-0.16100968047976494,0.17409855034202337,-0.2134612975642085,-0.05595988780260086,-0.2659298852086067
0.26319169722221514,-0.3294778736653151,0.17391498386859894,-0.5907746106386185,1.532780945301056,-1.1653761453926563,0.3032139725983143
0.27483611429731053,0.1095022050042947,-0.23083525896072388,0.7414181530475616,-0.8472538888454437,0.22285936772823334,0.0610762933890025
0.05325905702732228,-0.08236627004764699,0.26693448424339294,-0.10542244464159012,-0.06779404729604721,0.5036578923463821,-0.36896734188000363
-0.2124093208048079,0.2822986278269026,0.2963884323835373,-0.09116245806217194,-0.5003243386745453,-0.21854275465011597,0.3606000294288
0.5630973284995113,-0.13481552954073295,0.5103418231010437,-1.912869393825531,1.7110856175422668,-0.4206753969192505,-1.105922838052114
-0.476458251407301,0.025000430574571658,0.4240615740418434,-0.20684338361024857,-0.22588717937469482,-0.21417811512947083,0.47375919421513873
-0.15826278276465558,-0.19892247297145702,0.3103026822209358,-0.1630428209900856,-0.3636574000120163,0.447588998824358,0.1845480017364025
-0.5084590974643275,0.5977688121988818,-0.16819004714488983,-0.43539324402809143,0.21567761898040771,0.2627591285854578,-0.40187849539021653
-0.08268583952276795,0.6635689476022014,-0.9032735228538513,0.6141297221183777,-0.45156025886535645,0.25825250148773193,-0.1734960414469242
-0.1520973821343095,0.2403831617147834,-0.6371074877679348,1.087508138269186,-0.2837541699409485,0.007320046424865723,-0.3639642099539439
0.058758431769631525,-0.29013660708787264,0.16544093191623688,0.374154195189476,-0.037506312131881714,-0.42470420338213444,0.07041749047736327
0.04672247733644863,-0.33439540307692905,-0.030525945127010345,-0.06013381481170654,1.0193375051021576,-0.11783574521541595,-0.601883091032505
0.5517037091949196,-0.8426299123265953,0.6340432614088058,-0.1322522908449173,0.6593305468559265,0.043093740940093994,-0.2338018516699473
-0.2274456419637082,0.7287603714158414,-0.3780577704310417,-0.5044918283820152,0.008540898561477661,-0.17880942672491074,0.5072362547119458
0.13799052126705647,0.1458502672612667,0.041749775409698486,0.09154102206230164,-0.4762870520353317,0.22510272171348333,0.41885192785412073
0.40840746834874153,0.1760774962604046,-0.18794408440589905,0.5917145311832428,-0.3311539888381958,-0.32895445823669434,0.15868277351061505
0.41340913833981313,-0.15474225791102209,-0.19513049721717834,-0.2874313294887543,1.7582261562347412,-1.414164960384369,-0.16247053941090905
-0.03718640876037102,-0.6814303674079754,0.7187412977218628,-0.06908118724822998,-0.0036447346210479736,0.5704820230603218,-0.48570573702454567
0.15488727749497802,-0.23387244329960258,-0.08457812666893005,0.36960093677043915,0.26879334449768066,-0.43665139377117157,0.030453021327654525
0.35035615214319143,-0.39079564796001826,-0.1750304400920868,0.23259803280234337,0.7411991991102695,-0.5078978650271893,-0.06515130773186684
0.15410302400037096,-0.6187759470884446,0.35845936089754105,0.19937130063772202,0.17698156833648682,-0.65725077688694,0.718756191432476
0.020885548657841146,-0.040602889946765364,-0.45032553747296333,-0.03674014285206795,0.20633703470230103,0.6438142508268356,-0.25845956802368164
-0.35594427716676835,0.2420322051340783,-0.09081442654132843,0.07910214364528656,-0.2918563187122345,0.1377352438867092,0.1171503917624553
-0.20348056350593213,0.04855271001104955,0.44831156358122826,-1.0361437052488327,0.4721330553293228,-0.320988729596138,-0.9569228986899059
-0.26284223291333075,0.144573577300266,0.12068724539130926,-0.3896608194336295,-0.40308141708374023,0.35948964953422546,0.17701245347658795
0.15257175573734222,-0.2894363657536882,-0.3743867874145508,0.034159839153289795,0.5064767003059387,0.6835652887821198,-0.817261000474294
-0.04042318946233503,-0.07020341867098101,0.4314994253218174,0.34542305395007133,-0.9806714653968811,-0.23646876215934753,0.7670371929804484
0.33963800670096167,0.4662957835804533,-0.5659360140562057,0.22675733268260956,-0.2625439167022705,0.012414835393428802,0.014213246603806823
-0.4455142440274358,0.25882589258253574,-0.2663961946964264,-0.7435107082128525,0.022168755531311035,1.4055449962615967,-0.36509309584895766
0.1516467591540681,0.6245840231163634,0.12727748230099678,-0.49377864226698875,-0.3104545995593071,0.058449968695640564,0.14730856070915857
-0.2603631339001435,-0.34297196725728335,0.5225956700742245,0.10795802250504494,-0.043028250336647034,-0.2641220688819885,-0.15232191296915212
-0.5556973088532686,-0.6226478274911642,0.536225289106369,-0.09063135087490082,-0.6580286473035812,0.8059715870767832,-0.0028521188845237085
0.01681470256988649,0.4197917735135114,0.23229096829891205,-1.4767069667577744,1.3356977701187134,-0.6013751178979874,-1.0385051220655441
-0.2751266764804583,0.5131115051314097,-0.4355550706386566,-0.1761879026889801,-0.054452091455459595,0.19353749603033066,-0.5814047728975614
-0.2464352025202027,0.24827051521451385,-0.40108064049854875,0.3611492537893355,-0.2640961557626724,0.13129068911075592,-0.4199839383363724
0.13770062697154506,-0.09441805479151233,0.3347571501508355,0.30383556988090277,-0.4729025661945343,0.1364198736846447,0.1870771013200283
-0.08997289953684365,0.013059460799451222,0.10684873163700104,0.24796392023563385,-0.7170318812131882,0.8019373714923859,-0.437897993872563
-0.27027734872643594,0.14285475146715287,-0.37230441719293594,-0.16886959224939346,0.029679477214813232,0.5667473822832108,-0.10393677155176799
-0.048371919189338336,-0.638238470311518,0.42122066020965576,0.12556488811969757,-0.029566101729869843,-0.19396957755088806,0.5913961405555408
-0.08689683586083076,0.19963663540504595,-0.10958388447761536,-0.042316585779190063,-0.13176043331623077,-0.05116294324398041,0.5488388439019521
0.2381890417525062,0.40903518148870377,0.38298267126083374,-0.9311675876379013,0.07294736802577972,0.4445519596338272,-0.45998359254250926
0.06073123927193659,-0.2014534376837589,0.4443160146474838,-0.8283348828554153,0.5116672366857529,0.18875829502940178,0.13410348817706108
-0.2410611990425322,0.02300117495987153,0.11005732417106628,-0.4608767069876194,0.5392764247953892,-0.36656830832362175,-0.23246594642599422
0.7714049534665214,-0.5483446659313308,0.39613278955221176,-0.4654179736971855,0.1914202868938446,-0.027762100100517273,0.14599482590953508
-0.044352983641955585,0.47138924669060445,-0.33633943647146225,0.6110701188445091,-0.1585952639579773,-0.3043331503868103,-0.10322582721710205
-0.11449581650258214,0.31285990388305096,-0.01301632821559906,-0.22200529277324677,-0.05999450385570526,-0.024342752993106842,0.24505266795555752
-0.011594251074172834,0.01585669843135057,0.19574716687202454,-1.224418044090271,0.4655848741531372,0.24595565721392632,0.19239473218719164
-0.07867520440507819,-0.27619811382006715,0.5893698185682297,0.07677720487117767,-1.1646727621555328,0.4460164587944746,0.7471355417122444
-0.5824277992187826,0.25226580117035796,-0.5697585791349411,0.9066801965236664,-0.6826055645942688,0.7385352253913879,-0.5035322854916254
0.3545376267629089,-0.6561319204392256,0.06734761036932468,0.9835690315812826,-1.1636103391647339,0.78180081397295,0.9715529804428418
-0.20619820263581695,0.10487269303175034,-0.018217270262539387,-0.16302259638905525,0.8153567910194397,-0.8952428698539734,0.01404128906627497
-0.1432315042518355,-0.21603148278814777,-0.09359613060951233,0.5927264541387558,-0.577570915222168,0.017948627471923828,0.5684207081794739
0.029115617689159157,0.23415372851822114,-0.7381748761981726,0.24481337890028954,0.13194888271391392,-0.05852017551660538,-0.3992471769452095
0.6301694559278311,-0.1867639283063235,0.641448549926281,-0.5304406136274338,-0.15479981899261475,0.05940263345837593,-0.01047598446408908
-0.05182112936206437,0.2705352287394581,-0.36033561546355486,-0.0985868452116847,-0.08786772191524506,0.3849019184708595,-0.13807907638450465
0.025572865718492765,-0.6271030860780566,0.25216805934906006,0.5104576051235199,-0.19434145092964172,0.5174900591373444,-0.6293846269448599
0.21832393620301177,-0.06353442508865287,0.050869569182395935,0.05000263452529907,0.08311977982521057,-0.42374715209007263,0.5077145049969356
0.16241850303830924,0.3786137926357764,0.14017651975154877,0.5175799578428268,-0.8706192970275879,-0.26631004363298416,-0.1967141752441724
-0.0807099033974939,-0.41330433554119533,0.6320737302303314,-0.30476492643356323,-0.3800571858882904,0.7481371164321899,-0.12173090999325116
0.05349938849125195,-0.6924799582748501,-0.20461201667785645,0.5672144442796707,0.8153838366270065,-0.7039689421653748,0.47551759084065753
-0.06804273487931048,0.562544304187651,-0.8196525275707245,-0.03202536702156067,0.09167200326919556,0.2220933511853218,0.04687586675087611
-0.0985271306363521,-0.05079763106725832,0.272598497569561,0.7219496443867683,-1.4004334807395935,0.8924142802134156,-0.7225983822718263
-0.26364296674728394,-0.7446257323026657,1.3306528478860855,-0.46158070862293243,-0.13865095376968384,0.28368058800697327,-0.7973419427871704
-0.2678622186045956,0.07709107099583855,0.15688581764698029,0.23726696521043777,-0.25277988612651825,-0.11100481450557709,-0.1388903607924779
0.6817181778174859,-0.06701310696425261,0.46024881675839424,0.39532023295760155,-0.957085371017456,0.17091959714889526,0.4762112597624461
0.13905876978403992,-0.9070806569523282,0.8915366381406784,-0.3674550801515579,0.5373097807168961,-0.20838268101215363,0.24570606152216592
-0.18082690804644866,0.17487181730016513,-0.3791860230267048,-0.07410404644906521,0.42147598415613174,0.08283501118421555,-0.2948087230324745
0.352927741629106,-0.11050095878265521,-0.30119988322257996,-1.3267801851034164,2.7149598598480225,-0.918552063871175,-0.5103677829417089
0.09552984632965592,-0.5311450273212459,1.0601414740085602,-0.03112444281578064,-0.7727568596601486,0.36847759783267975,-0.2506999969482422
0.6656851958897378,-0.22384082194831637,0.17069138027727604,1.1514585968106985,-2.1166186928749084,0.6189685058780015,0.2436907150161763
-0.006335048255062203,0.2704868377358825,-0.4238695167005062,-0.17760733887553215,-0.7786889672279358,0.8979807123541832,0.4957408557335536
0.20500059122288666,0.03713463922893562,-0.641527459025383,0.11527442187070847,0.13291485235095024,0.49091342464089394,-0.041555219950775324
0.061608552380844395,-0.46478321348075513,0.4622384291142225,-0.4738391023129225,0.5523775219917297,-0.12203529477119446,-0.023004502058029175
0.03843451339613509,-0.43632114540647576,0.31070928182452917,0.2809388441964984,-0.4301572684198618,0.3042331226170063,0.05390768374005953
0.6779057910596883,-0.14451386462207194,0.4164285436272621,-0.5265656262636185,-0.5223976075649261,0.14007992297410965,0.6879119003812472
0.03166441150285579,0.7652569571854891,-1.1029192507266998,-0.12769389152526855,0.085752934217453,0.4659324288368225,-0.48029290388027823
0.051896461147677014,-0.05467520081610591,0.7979550659656525,0.15404871106147766,-0.008347749710083008,-0.8921043127775192,0.041797444224357605
-0.1726957062880198,0.27640065054098767,-0.9844542443752289,1.4872905015945435,-0.384084016084671,-0.8417720049619675,0.6601014782985052
0.2255047008878103,-0.2699402010551205,0.2898665517568588,-0.4977659434080124,0.2612169682979584,0.06863302364945412,-0.09755292907357216
-0.03805022465961952,0.22537194716709633,-0.05496498942375183,-0.5035157650709152,-0.4687141329050064,0.5046064406633377,0.6799244731664658
0.26414979428604796,0.11583590328141495,-0.28073049895465374,-0.35382999666035175,1.2538243234157562,-0.8300512880086899,0.38337884843349457
0.3513718684790311,-0.18716660790421344,-0.377864520996809,0.08500975370407104,-0.08052033185958862,0.2764713987708092,0.2867394735415777
0.5091859547904244,0.1327661277243385,-0.28568723797798157,-1.51033815741539,2.0055649280548096,-0.6615384370088577,0.3274748076995214
-0.17207747621944658,-0.09441605658718832,0.09857023507356644,0.3117624521255493,-0.3235081862658262,-0.07407727651298046,-0.1621173657476902
0.48291991278529167,-0.2072913534939289,-0.05549360066652298,-1.003222405910492,0.7107658088207245,0.2728383829817176,0.13960104777167243
0.028401767214139284,0.4132649476329486,-0.5420593917369843,0.29650017619132996,-0.892680287361145,0.3186914324760437,-0.1078203022480011
0.1689590943839263,0.890527850775807,-0.6119628697633743,0.20361347496509552,-0.4729835093021393,0.008936949074268341,-0.05655663087964058
0.23704081463317075,0.07202338178952536,-0.5423059090971947,-0.3768782466650009,1.1143162548542023,-0.46122150868177414,0.2431289392213027
-0.0781516528826345,-0.17854132613650076,0.5042358040809631,-0.6422231197357178,0.9735198765993118,-0.5167188793420792,0.314240463078022
0.4960463728617739,-0.39272640569618456,0.5938947033137083,-0.06180494278669357,-0.2683909088373184,-0.536164864897728,0.40815678735574085
-0.09988539972928939,0.18835276672271667,-0.22314035519957542,-0.6792616881430149,-0.14630132913589478,0.727704793214798,0.6020342111587524
-0.27990069959519637,-0.04706616353036629,0.17677629180252552,-0.48793414048850536,-0.2990790605545044,0.3513702154159546,0.14740011592706045
-0.12592101566217564,-0.40642653681613783,0.7609346024692059,0.2037222571671009,-0.40556827932596207,0.1873642704449594,0.09954530978575349
0.025931768119335175,-0.30888963490724564,-0.16898186318576336,0.6162695717066526,-0.008318185806274414,-0.776520848274231,0.7604671716690063
0.2688988717617812,0.0860796784637151,0.05277574807405472,-0.1581546515226364,0.2539568170905113,-0.3728080540895462,0.34278513491153717
-0.3919741843861562,-0.21793929887590585,0.09489223640412092,0.19255897868424654,-0.4906592443585396,-0.17429311573505402,0.3258602966864904
-0.18061975689811838,-0.3109816180335151,0.16860700398683548,0.23659873008728027,-0.7837130203843117,0.6441372409462929,-0.3484911496440569
0.07207096016241445,0.24599007123874295,0.09960931539535522,-0.5102857053279877,-0.6299830377101898,1.1048957407474518,-0.4231731444597244
0.0466494906210789,0.14149148934693248,-0.19420002400875092,0.1418524980545044,-0.852819561958313,0.5180851146578789,0.8094055727124214
0.050674354450570225,0.18324989287389648,-0.41269853711128235,0.4072529226541519,0.3435319811105728,-0.2153901308774948,0.19146099189917246
0.28545496371333245,-0.37512678784076814,0.011036477982997894,0.7670695558190346,-0.26594550907611847,-0.3523330017924309,0.05154029776652655
0.2104401696059439,0.14060097042885092,-0.5810837745666504,-0.034690290689468384,1.1725618541240692,-0.38557563722133636,-0.12786546846230826
-0.1904412015789637,0.20473703290163367,-0.5535923596471548,-0.3006333950906992,0.4909244775772095,0.1874985545873642,0.39209055776397383
-0.2139045058025254,-0.555980341302024,0.788393497467041,0.16988009214401245,-0.9665776193141937,0.24515850469470024,0.6425991045931976
-0.22584471009947638,0.2540371296582399,-0.38992809131741524,0.3167378678917885,-0.3110468462109566,0.5782922096550465,-0.3480497238536676
0.47163271131338896,-0.3220894184929353,0.04277798533439636,0.8292421698570251,-0.46539445221424103,-0.052425235509872437,0.004440840954581887
-0.17216718183071528,-0.24371815486638632,0.3295765370130539,-0.6645927131175995,0.5063091814517975,0.1788441762328148,-0.29329662149151164
0.21695579933347525,-0.3101499618065578,0.13131077587604523,0.14098452031612396,-0.5018315315246582,0.9195027351379395,-0.25799985478321713
-0.8038375759842219,0.033140690100413775,0.7467323243618011,-1.2513169944286346,0.9168315529823303,-0.4460347890853882,-0.18781234603375196
-0.14557662647631434,0.7600049902167585,-0.8662275746464729,0.5655441954731941,0.022404611110687256,-0.5203352570533752,0.436772882938385
-0.015837786719202995,0.06689722463488579,-0.15316887199878693,-0.5904911905527115,0.45050615072250366,0.22214022278785706,-0.14818713938196498
-0.10028717666864395,-0.5302602425217628,0.7521779015660286,-0.0008294060826301575,0.19206100702285767,-0.4873798117041588,0.15065007656812668
-0.10822182017619963,0.3710387485032832,-0.01808396726846695,0.2984340041875839,-0.33289647847414017,0.17369197309017181,-0.5895676637689273
0.20059822285892787,0.26410743062970815,0.4385185241699219,-0.6336171999573708,0.21124552190303802,-0.5148222148418427,0.3224789736171564
0.41205937574031176,-0.4921196249348146,0.39862511307001114,-0.6056747958064079,0.20695583522319794,0.17666886746883392,0.11623870333035788
0.13131435650090378,-0.14830792943636578,-0.008922725915908813,0.2633499251678586,0.10953241866081953,-0.03205272555351257,0.06352519740660986
-0.04736894715784323,0.15084955116940868,-0.33462658524513245,-0.07675997167825699,-0.15959570556879044,0.08746418729424477,0.1427920199930668
-0.37354769009268946,-0.7250310125657253,0.9406666085124016,0.14890450984239578,-0.3843742534518242,0.1658702790737152,0.08929617951313654
0.48838962662827085,0.569158059993276,-0.5399876832962036,-0.37169530987739563,0.3521545082330704,0.9913070946931839,-0.6246235966682434
0.18845751640145425,-0.06199938003663663,-0.2426160592585802,0.35048619098961353,-0.11638817191123962,-1.019040733575821,0.8594391172130903
-0.3246115543362167,0.2722580185573962,-0.16994860768318176,-0.4991963058710098,0.4252399504184723,0.4072357825934887,-0.2332852197190126
-0.02358690787244727,0.8478758423416703,-1.2354628667235374,0.7089823707938194,-0.8096018731594086,0.685463547706604,0.2678453723589579
0.41338367394551084,0.23234059840992644,-0.5642888024449348,0.3590322956442833,0.199488565325737,-0.07434928882867098,0.03511734772473574
0.28544297828166576,-0.33862806870429607,0.014672636985778809,1.343176245689392,-0.5727516412734985,-0.7967470586299896,0.4041327287753423
-0.11806592648779907,0.37601196324383773,-0.6501353830099106,1.025601789355278,-0.5994414985179901,-0.4148106127977371,0.3554318994283676
-0.17638247346298563,0.18569247683303225,0.4456471800804138,-0.39201588928699493,-0.3585944324731827,0.05176103115081787,0.3313810105125109
-0.014076793773306742,-0.2973215317146646,0.599417058750987,-0.45194478146731853,0.36028094589710236,-0.28111205622553825,0.11486140017708142
-0.06829974013898107,-0.10098950606253412,0.35121023654937744,-0.0560043603181839,0.4155755937099457,-0.21122658252716064,-0.620319303125143
0.20828667138185766,-0.39552621398535037,0.5197829678654671,-0.42544514685869217,0.4905657470226288,0.4023391008377075,-0.5418925484021505
0.1872008085526802,-0.09577009978669662,-0.25209324061870575,0.7630855888128281,0.26739317178726196,-0.6948019843548536,0.2762609701603651
0.08067399842871559,-0.541577091647519,0.1391424722969532,0.09728017449378967,-0.13491137698292732,0.10105954855680466,0.1965472629914681
-0.3692003451977615,-0.3587575498278494,0.9485817551612854,-0.6691707074642181,-0.0073796287178993225,-0.20471425354480743,0.7351501360535622
-0.145145941387724,-0.15808532028286545,-0.3055044338107109,1.3837730437517166,-1.0377933159470558,-0.28798069804906845,0.027646183967590332
0.2525793724451904,-0.24916533201381014,0.11887647956609726,-0.12941015511751175,0.166356910020113,0.10556845366954803,0.14094499871134758
0.1901129778750517,-0.49270237016457097,0.48576485738158226,-0.5206978283822536,0.5794630944728851,0.2922905832529068,-0.2421959588925044
0.2183241662396877,-0.3192126718177288,-0.03592570126056671,0.5428668856620789,-1.1926309466362,0.7942424342036247,-0.2232739453514417
0.06935412360838167,-0.1971239980172228,0.24993837624788284,-0.06379059702157974,0.2493971362709999,-0.15898162499070168,-0.3234529656668504
-0.0731481940106109,-1.128453847710733,0.6495730876922607,-0.16580963134765625,1.1265679970383644,-0.5391047596931458,0.1679830973347028
0.00991899271806082,0.2310579592982928,-0.4970407634973526,0.7015045136213303,-0.7755604684352875,0.21792085468769073,-0.1781273482677837
-0.03766990813461166,0.33265237125602587,-0.14571431279182434,-0.310870498418808,-0.21989645063877106,0.12110953778028488,-0.05438638230164845
-0.5027824191859475,-0.1633865760156402,0.2125990092754364,0.41413000226020813,-0.7140545547008514,0.04640983045101166,-0.15519118060668308
0.30372090479014097,0.12427976886155429,-0.48894618451595306,1.2564080208539963,-1.7361730933189392,0.337401881814003,0.2355498770872752
0.09931398728103549,0.08886889940886586,-0.42685963958501816,0.0998309776186943,-0.12554118037223816,0.6739321574568748,-0.2040423279007276
0.22120308696671767,0.3567195962424632,-1.3103549629449844,1.4736903309822083,-0.3113902099430561,-0.5473792552947998,0.1336161084473133
0.29534949734807014,0.20517920702695847,-0.21240642666816711,-0.34571048617362976,0.6461246907711029,-0.41806457936763763,-0.07307717328270277
-0.04670123590363397,0.040019802956117526,-0.002081874758005142,-0.5488126985728741,1.227577805519104,-0.7030788660049438,0.08997315168380737
0.3210387422047831,-0.2835456166692354,-0.3714965656399727,0.12540240585803986,1.0079529881477356,-0.2911238893866539,-0.527187705039978
0.15526599906108998,-0.18795010171554707,0.31608346104621887,-0.15980645269155502,0.3834276422858238,-0.17659536004066467,-0.5904352515935898
-0.6230476445225239,-0.07739768315244605,0.3641486167907715,1.3523916006088257,-1.0732958614826202,-0.642983116209507,-0.1900533263882001
-0.19697867182117923,-0.21759544837254063,0.04972594976425171,0.7297593653202057,-0.14496177434921265,-0.4160904213786125,-0.5064818983276684
0.35340482162104714,-0.2634245136545764,0.26275892555713654,-0.4758788049221039,-0.03527271747589111,0.47400605119764805,0.4896304663270712
0.23469290225249195,-0.05195770454075599,0.047775425016880035,-0.05919463187456131,-0.44473400712013245,0.5544309951364994,0.19111311063170433
-0.06759213331948828,-0.184208856412658,-0.3210957199335098,0.25373415648937225,-0.008728116750717163,0.2666879892349243,0.1709288110335668
0.0982969753720142,-0.4369573682822563,-0.19020628929138184,0.7318486571311951,0.9556363224983215,-1.5300454497337341,0.5133641089002292
-0.33530241099220737,-0.147094355551181,0.6274012103676796,-0.3025440089404583,-0.6676404438912868,0.1305813044309616,0.45342153310775757
-0.33269704526497257,-0.28944689759777653,0.08774564415216446,0.5376249924302101,0.2692703306674957,-0.6564601734280586,-0.10922183313717444
0.38578457640552966,-0.10371773758972133,0.4213987626135349,-0.9126172550022602,-0.15088337659835815,0.31104305386543274,0.2855553490420183
0.10435519698593354,-0.16890832740399575,0.07892046868801117,0.06629917025566101,0.7053573131561279,-0.7283630520105362,-0.032644563044110925
-0.11917022491494814,-0.4129410696526369,0.3701234757900238,-0.6818534433841705,0.4899793267250061,-0.08303436636924744,0.5441157321135203
0.13512317429262177,0.06034530174952968,-0.3412798345088959,-0.22813859581947327,1.0070291459560394,-0.4116816222667694,-0.009818047285079956
0.19213549509920458,-0.039656146394985714,-0.4925537109375,-0.28599604964256287,0.18938687443733215,0.5179561972618103,-0.18686838820576668
0.037060410888106736,0.12121915893146284,-0.4948536865413189,0.8669194094836712,-0.3263495862483978,-0.1322115920484066,0.04933494453628858
0.15750841092732218,0.14484050828549597,-0.20093276351690292,0.38492147624492645,-0.36956772208213806,-0.012647882103919983,0.02209853132565817
0.05860199510223335,0.4081602067583137,-0.8186438977718353,0.7690398991107941,-0.2258039377629757,-0.33046527579426765,-0.034844944874445616
-0.011673617694112987,0.37094161245558,-0.6627617478370667,0.026910722255706787,0.3387669622898102,-0.455790638923645,-0.0005026906728744507
0.12930053996819038,0.23255238902789574,-0.0015896148979663849,0.5153558403253555,-0.6964050829410553,0.20857274532318115,-0.202454204360644
-0.1288018917871846,0.22744765339626205,-0.2128392532467842,0.09497683122754097,0.17813551425933838,-0.12462467886507511,-0.19317810299495858
-0.03195281299176039,-0.2753658036666888,0.6687202788889408,0.20363625511527061,-0.1494981199502945,0.5465831309556961,-0.8451395990947882
-0.8850916615790791,-0.2558067449265056,1.5155693143606186,-1.4178924411535263,-0.4840043783187866,1.2283502034842968,-0.6661081624527773
-0.11677567198596617,0.32903415992580076,0.46460117399692535,-0.24939607083797455,0.2474343180656433,-0.6207789313048124,0.01084643291930358
0.3435401135572681,0.4348466646409145,-0.9213340282440186,0.49345262348651886,-0.2796648293733597,0.14950184524059296,0.3825883020957311
-0.22170295869862594,0.07142504421925105,0.3715505301952362,-0.5992521196603775,0.6636742204427719,-0.369658961892128,-0.016475632786750793
-0.5259078993565507,0.0737691010451979,-0.7594650983810425,0.3328559994697571,-0.027716875076293945,0.38206592574715614,0.19504459326465923
-0.17546740001826375,-0.2233975900820008,1.420680820941925,-0.9603824615478516,-0.08803792297840118,0.43947677314281464,-0.5086070994536082
-0.16623094888335024,-0.33725662970984427,0.24605800956487656,-0.04929813742637634,-0.14587155729532242,-0.025275997817516327,0.3203740591804186
-0.12798247966673915,0.29104012381975297,-0.15445482730865479,0.24597010016441345,-0.6731081008911133,0.7807939685881138,-0.27028709029157955
-0.04010707119272815,0.04990813115404712,0.39992792159318924,-1.042815238237381,0.3696824312210083,0.046314679086208344,0.21315144995848337
0.020129071824528555,0.32455740655186,-0.6886851862072945,1.6973352134227753,-0.9388808906078339,0.33005116507411003,0.054109954585631725
-0.4730758388630218,-0.5225096520864301,-0.1749967634677887,0.9506245851516724,0.14868572354316711,-0.4937029704451561,0.4109308843811353
0.19212464781271088,-0.23328011275993454,-0.03296133130788803,0.4783699959516525,-0.66492560505867,-0.1600019335746765,0.541481381903092
-0.4038709527640431,-0.09174880619954179,0.4186064451932907,-0.44513313472270966,0.012155115604400635,-0.4734452962875366,0.650344368070364
0.40565478636158836,-0.2623356377912892,-0.08396297693252563,0.6104729175567627,-0.5142379850149155,0.0065831393003463745,0.1295378680030505
-0.17506211940889005,0.15992257688884381,-0.15238114446401596,-0.21641411632299423,0.22285299748182297,0.06701111420989037,-0.31574127450585365
-0.09490058488316006,-0.01027588629060322,0.0840640664100647,-0.8993566483259201,1.127494752407074,-0.5736437477171421,0.2533004768192768
0.2489650031655199,0.14327166312270695,-0.16884677112102509,0.3502770960330963,-0.017878293991088867,-0.6489669308066368,0.2750384534398715
0.1528727007270963,0.1443896866231053,0.370160773396492,-0.1839112937450409,-0.9382597804069519,0.4063209276064299,0.1775700816845832
0.1303487885053511,0.5973533075992707,-0.7112017571926117,-0.03710491955280304,-0.16970278322696686,0.6824586987495422,-0.6182001183430353
-0.06424305201680572,-0.08476823209612458,0.352291002869606,0.09501868486404419,-0.5623080432415009,0.14024565927684307,0.17357513743142286
0.045688770780408824,0.0068995728398914685,0.4324544295668602,-0.4686518907546997,0.7498386949300766,-0.5225366801023483,-0.34585343301296234
-0.20023826999520813,0.5591881491795734,-1.1764995455741882,0.21989643573760986,0.20356211066246033,0.15685201436281204,-0.4419188077251116
-0.22638825542741903,-0.262118228883655,0.44522789865732193,-0.29721440747380257,0.6108863092958927,-1.0611261427402496,0.19919728736082712
-0.550601400365984,0.36689931333616926,-0.19066216051578522,-0.22514213621616364,0.7663792371749878,-0.6777942180633545,-0.26101144154866535
-0.14666788161007893,0.21317058403251898,-0.1733640357851982,-1.4409198239445686,2.1642608046531677,-0.440182164311409,0.19206717113653818
0.3374627430198921,0.1730921489910947,-0.2188800573348999,-0.4894379675388336,0.0480649471282959,0.307224802672863,0.5008482312162716
0.05230886268394966,0.13097807613235932,-0.6366067081689835,-0.15571653842926025,1.3205989301204681,-1.0365436188876629,-0.05023523544271791
0.4122949052878,-0.2984785992928125,0.8119887858629227,-1.0499634593725204,0.30404993891716003,0.0453645046800375,0.3696175857136647
-0.040199892940344636,-0.07400320249575155,0.946809895336628,-1.4554824829101562,0.6082929968833923,1.3075198531150818,-1.3973105748494465
0.13342421612253896,0.5655526284266401,-0.5032665133476257,0.07381823658943176,-0.5116162896156311,-0.2322237640619278,0.765953650077184
-0.3011282852126492,0.2512941157652272,-0.25697968900203705,-0.9532046020030975,1.3037161529064178,0.3430663272738457,-0.620853990316391
-0.008125759281769944,0.03935056607480402,-0.6401159204542637,1.2777318209409714,-0.6132992748171091,-0.2378927143290639,0.30024015065282583
0.3346186116061829,-0.5373487531862877,0.5120471119880676,0.025557473301887512,1.336032971739769,-1.397609382867813,-0.12198396523793538
-0.2027754665662845,0.16100854178269705,0.06709975562989712,-0.6922479625791311,0.9361990392208099,-0.27895716205239296,-0.1574289264778296
0.04654568692462313,-0.4944176690446006,-0.11531335115432739,0.5824947357177734,0.7777758240699768,-0.9329742342233658,0.3161823997894923
0.3437306871982636,-0.05020248241446637,-0.10506674647331238,-0.22289379686117172,1.090803861618042,-0.7971015525981784,0.2121238165224592
0.16189997339690174,0.7479655866131738,0.01564735174179077,-1.52643883228302,1.2038908302783966,-0.5568916201591492,0.06376913189888
0.02703851913274441,0.41714095431207504,-0.9757844507694244,1.154397338628769,-0.570984959602356,-0.4899090453982353,0.27772046128908795
-0.2920158802083245,0.05081952349455268,0.16600918024778366,-0.14752494543790817,-0.15262861549854279,0.016875922679901123,0.5247864276170731
0.033557673812740385,0.5046566893450088,-0.8307440020143986,0.16811365634202957,-0.11285907030105591,-0.1392549518495798,0.44959336581329506
0.16967634842903526,0.04101931317536919,-0.19818583130836487,0.1543109267950058,0.20059536397457123,-0.2538404315710068,0.14241138100624084
0.3731810748577118,-0.3637420982122421,-0.1750636175274849,-0.033002302050590515,0.10440942645072937,0.5740016959607601,0.561982541034619
0.1817930687080931,-0.5007063347708296,0.8410415425896645,-0.856421984732151,0.6188608705997467,-0.5055810660123825,0.46812496085961663
-0.1335166329862895,-0.1429782127616582,-0.35557231307029724,-0.38605257868766785,0.8114336431026459,0.0776149183511734,-0.14604956408341724
0.5867258514519091,-0.3258979524727221,0.5032255351543427,0.07068374752998352,-0.04349416494369507,-0.8015146553516388,0.328177190075318
-0.1652819535660523,0.2712384092587012,-0.5400413498282433,1.1186509132385254,-0.6810697317123413,0.015041619539260864,-0.4951251149177551
-0.001389335496006186,0.15121370146947877,0.39739474654197693,-0.3568769246339798,-0.2725773900747299,-0.3084961175918579,0.09041968981424969
-0.03104067511028713,0.15774762920207447,-0.21772604063153267,-0.7358754500746727,0.22850632667541504,0.8225154234096408,0.24100342610230047
-0.36112496691445506,-0.15045457830031714,-0.4020669460296631,0.2714374363422394,0.3031309247016907,-0.14809849858283997,0.37356077631314594
-0.02804476850562626,-0.02333593285746044,-0.2244512066245079,0.1790633499622345,0.2899126410484314,-0.3177148252725601,0.35486699516574544
0.09434429111166133,0.21544146237687933,0.3511321246623993,-0.6284648105502129,0.0641254335641861,0.3394275829195976,0.050466522574424744
-0.07832309175972585,0.15743587483410482,0.24347525835037231,-0.19777673482894897,-1.3531224727630615,1.389704380184412,-0.4345889476438363
0.3164175493573701,0.01595348809604291,0.6862157806754112,-0.7937944978475571,0.7890409529209137,-0.6506385505199432,0.07035676514108975
-0.08207813667616358,-0.16426891071239003,0.38476019352674484,-0.3204149231314659,0.3623342216014862,0.05411142110824585,-0.5430146163950363
0.21347910358949942,0.15511788979724603,-0.6085948646068573,0.6642057299613953,-0.4774925783276558,0.08875284343957901,-0.049389789501825966
0.10921304162453721,-0.1765672133942307,0.4024389043916017,-0.39022601768374443,0.5944430790841579,-0.6998549848794937,0.7415580103794733
-0.2831499306829991,0.4206005959185185,-1.5967938303947449,1.727008581161499,-1.6991411447525024,2.0027071237564087,-0.8124105930328369
-0.039212614194386534,-0.2906675442225403,0.41564307175576687,-0.851501202210784,1.115570068359375,-0.08770686388015747,0.15562964479128522
0.07235993996814445,-0.03435337722853378,0.7267620489001274,-1.2706148847937584,1.5355361104011536,-0.8197190463542938,-0.3035542517900467
0.26187494755895047,0.04232480018227189,-0.008947886526584625,-0.19264568388462067,-0.37680113315582275,0.6393359429202974,-0.5129570987386007
-0.11021792247063583,-0.7592521467142634,0.4243316650390625,0.023817424662411213,-0.596495215781033,0.7807310149073601,0.16751385976870853
0.490929430971543,-0.698981105039517,0.5756667852401733,-0.03895723074674606,0.05831444822251797,-0.4256397243589163,0.11582701653242111
0.21256304856527736,-0.10182429615546155,-0.10892804805189371,0.37443359289318323,-0.11970116943120956,0.205669105052948,-0.1707732652624448
-0.09609988249010509,-0.006225203060441546,-0.060836311429739,-0.23881502449512482,-0.6258557438850403,0.920881818048656,-0.06771608473112185
-0.22652467022891398,0.2200519932364976,-0.13419839460402727,0.044934350065886974,0.13748960196971893,-0.2264711931347847,0.12693064659833908
0.17829573399352808,0.10834435966831665,-0.23353470861911774,0.7133227437734604,0.17746257781982422,-0.7720828168094158,-0.029978683839241654
-0.08834128468124955,-0.2509369811526051,-0.4139348864555359,0.6168122291564941,0.18811605870723724,-0.12592829205095768,-0.6959897857159376
0.29228855986837987,-0.03611859251503591,0.10138531774282455,-0.024730607867240906,-0.2912260815501213,0.16010360978543758,0.34504633707304794
-0.1688488030254289,-0.07337234007125651,0.1910478537902236,0.5275317067280412,-1.0026529133319855,0.721300732344389,0.11283448214332265
0.29521234029973,0.3295062810734466,0.02339954674243927,-0.20993222296237946,0.6803324818611145,-0.4582822322845459,-0.39060995914041996
-0.46572568522835217,-0.19834826631402527,0.5098101198673248,-0.9724502265453339,0.6726204380393028,-0.08831407874822617,0.21898339067896208
-0.1826048922483568,0.4432984237317686,-0.5698034688830376,0.5742640420794487,-0.6454029083251953,0.7523015439510345,-0.824036568403244
-0.3342364980942673,0.42588699898786014,-0.18375491350889206,-0.03523809462785721,-0.8595031499862671,0.24187006801366806,0.40218758831421536
0.045108195463264444,0.005682766368543646,0.012505210936069489,0.9358909651637077,-1.5477680265903473,0.13020652532577515,0.46537236372629803
-0.24969485940204728,0.7221579605506526,-0.42588602751493454,-0.28965418227016926,-0.16314983926713467,0.3464498072862625,-0.309014859298865
0.042579650740932534,-0.41162187592298893,0.09522983431816101,0.5168656446039677,-0.8947020806372166,0.6921781022101641,0.4668274850895007
-0.20022005856864983,0.34674854659371906,-0.24733863025903702,-0.3129633143544197,0.2991998642683029,0.14724834263324738,-0.46792493139704067
0.5106454739278113,-0.4679643386905944,0.6986750699579716,-1.03610834851861,-0.08219242095947266,0.7014718353748322,0.20817306637763977
-0.029249221362449507,-0.7946713265997392,1.1440370082855225,0.4575250744819641,-0.9888927638530731,-0.2942907512187958,0.41997316976388294
0.38628359594278866,-0.7381757915847831,0.6546988971531391,-0.012099821120500565,-0.41788217425346375,0.5975134819746017,0.6390660690764586
0.2083755256953063,0.14442505870290376,-0.18323422223329544,0.026523031294345856,0.14098253846168518,-0.6196640003472567,0.34493215506275493
0.26954126164869024,0.6090206783954744,-0.2730849478393793,0.22721857763826847,-0.660987913608551,0.6571428254246712,-0.6463811819752058
-0.29585381176460673,0.39703751679647853,0.3553287535905838,-0.4670374095439911,0.003909572958946228,-0.18996221758425236,-0.38741044017175835
-0.160686530345292,-0.047016508704810236,-0.022249596193432808,0.2117858473211527,-0.2902228310704231,0.4507997687906027,-0.18642212885121504
0.14641543826157297,0.40551685193484577,-0.4646627828478813,0.2759489044547081,-0.3857470899820328,0.7921775430440903,-0.28583018605907756
-0.04220472648739815,0.614948995411396,-0.13389235734939575,-0.4742174297571182,0.5584404021501541,-0.19378575682640076,-0.7978468537330627
-0.10708877133826417,0.1099409970144431,-0.18739725649356842,1.3534974604845047,-0.6106933355331421,-1.077148161828518,0.5750187411904335
0.25045412592589855,0.32007504254579544,0.07440809905529022,-0.06876157224178314,0.34664660692214966,-0.06041772663593292,-0.49228064793472487
-0.17709582302443405,-0.3298375308168707,-1.379904843866825,-0.4032931923866272,1.933274745941162,0.023965150117874146,-0.32920865217844647
-0.24745672196149826,0.2569205705076456,0.5889637470245361,-0.37813885509967804,-0.06356985867023468,0.2043135091662407,-0.15509631484746933
-0.06302871223953033,-0.01279270235035157,-0.038904160261154175,-0.4161616563796997,-0.11177361011505127,-0.06757311522960663,0.06858619550863904
-0.45963405741861574,0.530320572839291,-0.27144673466682434,0.679974764585495,-1.926447331905365,1.1398457624018192,-0.33866070086757344
0.19856884744432238,0.11651489469740126,-0.36365193128585815,0.7343670725822449,-0.7294854298233986,0.14637058414518833,0.012921838089823723
0.041097997722250444,-0.10670842326901578,-0.298914834856987,0.29971763491630554,0.7604723125696182,-1.3001526296138763,0.8256046821673712
-0.2111787323633002,0.021313665227757572,-0.3012069221585989,1.1428140457719564,-1.0836533904075623,0.6120860390365124,-0.2989301594595114
-0.22359045098225275,0.10920770714680353,-1.226123720407486,0.6296164691448212,0.38296496123075485,-0.42481084167957306,0.9866146370768547
0.35832137374759276,-0.031498065149342586,0.4467504173517227,-0.2938448190689087,0.5463051497936249,-0.7196658551692963,0.03377363334099452
-0.2422810235509166,0.1644403526076564,0.36753905937075615,-0.491166390478611,-0.46549922600388527,0.8104580789804459,-0.4429626514514287
-0.0799617217508731,0.10157185323812343,0.06608076393604279,0.4907737523317337,0.18360352516174316,-1.0469883996993303,0.1825307480370005
-0.21167761166752488,0.03686788291842849,0.39573444053530693,-0.6242006458342075,-0.1270717978477478,0.2453097105026245,-0.24166875580946606
0.04041628098046338,0.1487518406852528,-0.30157521553337574,0.7070415187627077,-0.11459869146347046,-0.0540437251329422,-0.41544779390096664
0.19554721196268304,-0.2727032452131863,-0.04746033065021038,-0.008772658184170723,0.29271358996629715,0.08209031447768211,-0.3610834591090679
0.0705522676170976,0.6374499942003576,-0.43330798484385014,0.3133557830005884,-0.11824274063110352,-0.9178963005542755,0.3631759906808535
0.053144863496224104,-0.668017244587342,0.6524028070271015,-0.8619912154972553,0.33437448740005493,0.771461945027113,0.2124020910511414
-0.009315963179149012,-0.2967667781782371,0.3933718353509903,0.37459123134613037,-0.6182336211204529,0.3033128511160612,-0.6947020099808772
-0.11360262686179744,1.0349081901626453,-0.9534875601530075,-0.2545604854822159,-0.7085420489311218,0.4927946776151657,0.70297010242939
